 -0.01210639683478444  0.08401454327720914  0.13470508588028557  0.17347012129297523
  0.20650419667389996  0.23441099068139021  0.25919356673655097  0.28217140559906151
  0.30319617935865240  0.32286207389445121  0.34157092442400894  0.35914782331649753
  0.37522997884016412  0.39085282080342648  0.40594450790816133  0.42021927628337541
  0.43384930639386815  0.44666707796035576  0.45917577945235577  0.47124480240764227
  0.48306838492062759  0.49458059444376096  0.50596215883212858  0.51716621989645095
  0.52804845107331422  0.53865303301171374  0.54902395834275430  0.55913382480494112
  0.56893518398658771  0.57839887355464881  0.58758287532513898  0.59647198829004011
  0.60528809432422337  0.61412480604048647  0.62296039169414430  0.63176148537802623
  0.64052690782868638  0.64921836961598345  0.65769042889997475  0.66593177942359760
  0.67389258949396125  0.68175772045753613  0.68953490471653256  0.69703908416294635
  0.70444465026796210  0.71165270594057095  0.71861852274049720  0.72554647191545074
  0.73231744589704184  0.73900654215049910  0.74581990751041660  0.75269916151927785
  0.75950585332708043  0.76599665290481234  0.77238437997986753  0.77872483688045258
  0.78502568327346289  0.79137718466628815  0.79787704657794156  0.80443365767437058
  0.81094502591207673  0.81735575689354478  0.82366522256079866  0.82995340720551725
  0.83623993837420296  0.84246715882880086  0.84874061825925884  0.85478557041392655
  0.86073194626456173  0.86668982809024386  0.87262597039046486  0.87844283479716856
  0.88414821792239351  0.88980260707004821  0.89535474921763314  0.90077130563350905
  0.90598895012850755  0.91121859715515829  0.91631995245210784  0.92133368661962511
  0.92633882026801662  0.93134635438771218  0.93635541639413267  0.94137401297846479
  0.94641307503343286  0.95147216285165881  0.95648323149805370  0.96150907348280601
  0.96645673774475582  0.97131181966457847  0.97612994740610537  0.98099087571602028
  0.98587523303642199  0.99068219207249419  0.99536875316106899  1.00000000000000000
 -0.00217739360774009  0.00932249473453264  0.01876601454389612  0.02835402777188935
  0.03799503577297932  0.04783602310484577  0.05808609457358528  0.06840134910398775
  0.07906660115336261  0.08985467312328238  0.10065969391089989  0.11114974768802453
  0.12148646010829939  0.13207220127583530  0.14286027240770660  0.15384303128195173
  0.16466715984103134  0.17509859697194910  0.18540167316819384  0.19590611646074096
  0.20665649622839433  0.21718967781211998  0.22727500611607115  0.23718737734201817
  0.24726577516115578  0.25770256019524518  0.26793797797042318  0.27788869108394693
  0.28767093644778380  0.29785685063212808  0.30817644692562818  0.31887661116400351
  0.32994309361317492  0.34139506684100096  0.35296405836924549  0.36490686297322977
  0.37663391995114970  0.38788482320256301  0.39875184063858621  0.40947709214711087
  0.41984518758973427  0.42979785645097979  0.43971241224834862  0.44979680094698921
  0.45994692853217700  0.47000913636260105  0.48028887858354974  0.49075072959531840
  0.50183581333924776  0.51333285648266136  0.52485852853992243  0.53608780707056325
  0.54739738324583820  0.55864471179354369  0.56947428393549293  0.58018959447656360
  0.59115944537502019  0.60191286421457946  0.61209955114681902  0.62209741262915852
  0.63229138957304931  0.64273510226764152  0.65315305110477373  0.66341252252304461
  0.67370719927496814  0.68444554871311147  0.69580223385727935  0.70740465757839188
  0.71852989915473031  0.72912863818910434  0.73940900568692258  0.74952048086499945
  0.75971886972132108  0.77003926497841046  0.78038985212606493  0.79070285260437501
  0.80097478793985177  0.81147164221351242  0.82197566857418991  0.83251718292863042
  0.84309482197602792  0.85376869487813556  0.86451197482280306  0.87497124691774764
  0.88523358158291621  0.89535966255043631  0.90585962883856508  0.91648570696666509
  0.92706786035831612  0.93757016722419895  0.94787174758564574  0.95818540347699621
  0.96820246847965852  0.97834690302264260  0.98912007149251735  1.00000000000000000
  0.00346830707996813  0.01158727986186719  0.02135025286311237  0.03092417775211723
  0.04053542447973697  0.05066090685464033  0.06103560020678074  0.07110672774972272
  0.08084206398825063  0.09088061566505592  0.10109914623323693  0.11167909288147423
  0.12237559503918766  0.13322018968857782  0.14397753703144728  0.15485388029441477
  0.16550940699940553  0.17578323241170513  0.18590216328358686  0.19639156837644664
  0.20706558756455040  0.21781140152061795  0.22852917340393741  0.23935556562912130
  0.25016781466821014  0.26078584328408078  0.27148992757521989  0.28221818057051651
  0.29285360538598032  0.30313141591601195  0.31321812289619372  0.32330152394915240
  0.33343177643762018  0.34364731544324900  0.35391021730227551  0.36426486334778685
  0.37447774338726264  0.38456981221846981  0.39448853009572427  0.40470437887532451
  0.41516613628693150  0.42604028962398566  0.43688396651491879  0.44740234157850672
  0.45781211987148668  0.46804291260050646  0.47822693735683369  0.48838898033344946
  0.49861906479899176  0.50901058353176865  0.51956559742626285  0.53011924053668213
  0.54035627235714034  0.55056971188655590  0.56089634384845066  0.57124632055768543
  0.58139273477491715  0.59124199721779669  0.60132205622706392  0.61147116250426659
  0.62166856958667571  0.63214377558899304  0.64309592232902713  0.65416294232376881
  0.66514700525313575  0.67601170643138953  0.68677561984567359  0.69742509335381087
  0.70820173792966901  0.71941575789754297  0.73058408121957685  0.74174904449348511
  0.75272718272078021  0.76325924662302969  0.77368871587050203  0.78398008922400864
  0.79429025536828823  0.80461976453548811  0.81490068539304927  0.82546458219436869
  0.83596691704166226  0.84653066150837708  0.85709014600729949  0.86763372732091315
  0.87831835914427725  0.88921583397085957  0.90057367205444649  0.91184699658897017
  0.92269175247732049  0.93349207489565067  0.94421757266343209  0.95493284814252688
  0.96533556653519337  0.97602981405380451  0.98761279833125881  1.00000000000000000
 -0.01349750931175789  0.08195995207652576  0.11645544616848152  0.13837693120219105
  0.15623444726316504  0.17188903754893525  0.18629964139729330  0.19971820030684423
  0.21214562127197564  0.22359429373244141  0.23415660176596448  0.24408715452505220
  0.25360444502103247  0.26278123260897190  0.27184353698350011  0.28044408423670886
  0.28875064641223663  0.29655836542094172  0.30388536938390365  0.31109891277631296
  0.31803116383819746  0.32483571269607081  0.33160734800212138  0.33835709189509361
  0.34508967798747370  0.35176456555241031  0.35838515935232546  0.36499135037060237
  0.37153797920200704  0.37796325165709321  0.38425386268851836  0.39041709676302594
  0.39661611332831193  0.40291006188457551  0.40922122045613973  0.41547828669358289
  0.42158086295566499  0.42758690632415697  0.43348866211920184  0.43932790937712896
  0.44510379890397522  0.45094060929404123  0.45688723672813752  0.46283415086820967
  0.46872147983689794  0.47458278202999615  0.48034204695912247  0.48602764989012148
  0.49167843733646871  0.49749926153479346  0.50328099907724300  0.50909762950450188
  0.51477216008101079  0.52053099516087420  0.52637537941392876  0.53229973459402613
  0.53823068808124308  0.54414981235761106  0.55011388579564380  0.55609914627208101
  0.56209783065896879  0.56818612611865971  0.57422617992534453  0.58016995459540799
  0.58612429099663343  0.59231228336670128  0.59858028001709229  0.60505051722598557
  0.61169103242467882  0.61842842571988088  0.62526446755264165  0.63230216776315540
  0.63957518073317043  0.64704895524970918  0.65467666914747913  0.66229977982786192
  0.66987468887472712  0.67749499416411096  0.68531088357315351  0.69343298531660280
  0.70196546964184581  0.71074248408678098  0.71980164282209502  0.72913652025383213
  0.73903249419099071  0.74939039797770646  0.76008279589243355  0.77130841163632280
  0.78355261766879503  0.79668793379188985  0.81093340628897903  0.82702021245982082
  0.84585663418292645  0.86847658318216736  0.90303403087896594  1.00000000000000000
   2.3483628946323682E-010  -1.0000000000000000     
 T F F F T T F F T T F F T T F F T F F F T T F F T T F F T T F T
  <DiscreteSampler_grid>
  grouped_processes
  1 # 1 for a reference and 2 for a running grid.
  10 # Attribute 'min_bin_probing_points' of the grid.
  1 # Attribute 'grid_mode' of the grid. 1=='default',2=='initialization'
  0.0000000000000000 # Attribute 'small_contrib_threshold' of the grid.
  0.5000000000000000 # Attribute 'damping_power' of the grid.
 # binID   n_entries weight   weight_sqr   abs_weight
    10   10   1.376900481501830E+001   5.254387722204326E+002   1.376900481501830E+001
    11   10   1.376900481501830E+001   5.254387722204331E+002   1.376900481501830E+001
  </DiscreteSampler_grid>
