 -0.01084606437789521  0.07400193734941254  0.12133879372740569  0.15729642710374830
  0.18842435664209436  0.21576793405977179  0.24047627576467215  0.26319847231955495
  0.28410633951077791  0.30329265513661430  0.32173289028861279  0.33940516137454646
  0.35580849510104035  0.37114451739922399  0.38605678869251187  0.40055082790302310
  0.41466366990515457  0.42827701025039500  0.44126771056802450  0.45357557817494942
  0.46555796030521890  0.47721601604699510  0.48843870127220979  0.49952181442106486
  0.51076548972878522  0.52183399661076246  0.53256749840205164  0.54285880043859358
  0.55297535673534504  0.56281287097014132  0.57249858449207458  0.58190532031453046
  0.59113896954153300  0.60032751745260060  0.60957382145280647  0.61872807779145389
  0.62763959924648249  0.63640438769244567  0.64495687491085973  0.65321548452622613
  0.66124597392265128  0.66905921042072336  0.67668493045966449  0.68427965368478694
  0.69180999204645677  0.69927519159350637  0.70653638725383483  0.71370579795233757
  0.72070218443445611  0.72775678617081041  0.73474920804501731  0.74177086215965526
  0.74880477184094540  0.75574265360489223  0.76256755050639502  0.76926583291575201
  0.77589326331671793  0.78255072374939394  0.78927929464995517  0.79606757729299615
  0.80283788864147010  0.80949522332782786  0.81602035672482931  0.82245030061992652
  0.82894171004685979  0.83537044909581293  0.84178805316087979  0.84809788667361996
  0.85426939647482625  0.86035906296649811  0.86648725961834427  0.87264091837179547
  0.87875637866107426  0.88478830176190393  0.89065422035571595  0.89647986181224848
  0.90209750279741818  0.90763342109934320  0.91309972120197080  0.91845978365836001
  0.92371934419681734  0.92895061641264887  0.93418087408282457  0.93937961092815547
  0.94456533033374290  0.94978022210923996  0.95498786334860075  0.96023403758078918
  0.96542750210543249  0.97050578551554390  0.97548268424173434  0.98045734805759377
  0.98546366261961471  0.99040680214509902  0.99523389457462030  1.00000000000000000
 -0.00259658962281427  0.00988568525460597  0.02021843605964162  0.03041828781025363
  0.04059220521782702  0.05140588505386009  0.06261163932808197  0.07367976492451818
  0.08486884039288202  0.09600615174701924  0.10717468433496397  0.11805460320271258
  0.12867949217789770  0.13922491247897140  0.14965474665562933  0.16031999989637841
  0.17078612554566580  0.18100308821819558  0.19106636548176192  0.20142518136936752
  0.21203005678928988  0.22252467205081988  0.23256391011313879  0.24249479433186324
  0.25289980897738895  0.26345219171019296  0.27369926754089202  0.28364600467544537
  0.29340298551029698  0.30348491976577535  0.31344960004545064  0.32408782400450437
  0.33491348270387222  0.34611666468343172  0.35726807338476424  0.36899039578520043
  0.38041577809384008  0.39147635150744026  0.40197558598189642  0.41229499903267464
  0.42230496431737963  0.43217458490118338  0.44217437157211043  0.45208998522103638
  0.46186193566409178  0.47148746350118903  0.48133270441815146  0.49150439944558799
  0.50199515690272345  0.51294086699202524  0.52419740063327680  0.53570261957613419
  0.54701280691783272  0.55821062937163690  0.56928161678188316  0.58059350864321957
  0.59235652010858042  0.60375764754142669  0.61458222455751366  0.62513326765417399
  0.63563181343027619  0.64628953220090413  0.65688435344106322  0.66726506269045838
  0.67746522473247539  0.68782700386467410  0.69863592526330565  0.70965614901589669
  0.72056334187209559  0.73129931350080080  0.74183968375481113  0.75201686839867310
  0.76206600891111520  0.77218904884151274  0.78231431679298902  0.79244560940463382
  0.80243928617661120  0.81256378529248119  0.82283695738492113  0.83317544415602063
  0.84353528384959031  0.85387858446370013  0.86413186941730713  0.87428408702165927
  0.88447236184306666  0.89459679911039147  0.90493163485411543  0.91535181439628810
  0.92595522681938502  0.93649042224941070  0.94681776600180123  0.95724954884686153
  0.96759763018722234  0.97811388611269123  0.98880833082163844  1.00000000000000000
  0.00327839755039304  0.01344695785017986  0.02456232610705944  0.03477220945495826
  0.04497926661456866  0.05543031088262809  0.06587977236443202  0.07604876722065040
  0.08624646667440942  0.09710308233864404  0.10802826185800331  0.11926222469141561
  0.13031817800934337  0.14132201801257183  0.15228760095705457  0.16337291571602025
  0.17383058048619529  0.18418256418552967  0.19449864306975884  0.20490870803186645
  0.21534477145888020  0.22588553417100676  0.23660059530496894  0.24735741403213468
  0.25777854102973491  0.26800216264834625  0.27840454484425764  0.28876700390020782
  0.29898727273861714  0.30906597775830530  0.31908775748153734  0.32898025879077236
  0.33888122561083078  0.34890525753483337  0.35941678904918156  0.37000866782900860
  0.38055304214439650  0.39085620773427349  0.40130239989756622  0.41205296081293363
  0.42292565619736056  0.43413523859533792  0.44530382175721328  0.45634011057755869
  0.46705499822002461  0.47747955489970006  0.48790037183148283  0.49825254910645950
  0.50855191763803054  0.51895188330009046  0.52918722033672616  0.53950683647582121
  0.54954754931699490  0.55947916607634540  0.56960776508636324  0.57963708972408368
  0.58947841987319960  0.59923118626742944  0.60948410914802253  0.61984294277572693
  0.63029518252829808  0.64076186128374701  0.65171246957679430  0.66286305615818220
  0.67397918523819578  0.68476055792145107  0.69529505385075974  0.70578344720883224
  0.71631980437339071  0.72720662829858895  0.73804968009479510  0.74906033520812187
  0.75952433801018393  0.76984952574145071  0.77993624367218872  0.78997265312073506
  0.80016096159281969  0.81033777448351163  0.82042833716779251  0.83063546443734193
  0.84070904191421925  0.85105468589648459  0.86122543387974193  0.87135850029415363
  0.88146416930753813  0.89191555350190721  0.90272438272104316  0.91353091161788946
  0.92401211978716991  0.93462879399072163  0.94559183499575072  0.95633151241753755
  0.96672762274651358  0.97732441614670384  0.98859284235386358  1.00000000000000000
 -0.01341924303875149  0.08168289266316706  0.11652545861222073  0.13872766297481809
  0.15681742174397731  0.17275887492169589  0.18728466865633658  0.20056376533865486
  0.21269963586849255  0.22400996550196431  0.23453136875876640  0.24449125557840351
  0.25395424770317671  0.26323649753819045  0.27230116329065707  0.28102490901588795
  0.28944630420598039  0.29724822552556418  0.30470133525152149  0.31197182617835967
  0.31912609551554078  0.32619220154931799  0.33317509039296905  0.34007876370234513
  0.34693797716130825  0.35374680381901014  0.36042349512185889  0.36696281868315522
  0.37340515070480229  0.37971083435362274  0.38602141456533845  0.39226003514631214
  0.39843352029253115  0.40466988546897570  0.41089789063168469  0.41706995740005304
  0.42311798591872996  0.42911343203694113  0.43513435818643476  0.44104098723512397
  0.44682923803306041  0.45263345417420187  0.45846305365880147  0.46432010677536595
  0.47010474397456553  0.47585067226762640  0.48152513781028145  0.48722409406729961
  0.49292219511324825  0.49876282413378237  0.50470721960160381  0.51069978361817192
  0.51664719886716570  0.52257107783329193  0.52851248289210517  0.53446696424787166
  0.54043179813986908  0.54640744607356795  0.55245032623152268  0.55852437987627823
  0.56457695009802211  0.57056713780451063  0.57654602959636758  0.58248790964951058
  0.58844720336568290  0.59449470546934591  0.60061906464851778  0.60688284689204985
  0.61327971085485344  0.61973792960459573  0.62631488483710340  0.63313813953531617
  0.64017566591256225  0.64747950739504079  0.65521582043274063  0.66292771883232493
  0.67062635863541886  0.67834593709945468  0.68628254369018116  0.69451790428817439
  0.70314596079313230  0.71188990211751102  0.72076438551944244  0.72997676073867124
  0.73976842771175289  0.75003156884309341  0.76081833454161640  0.77221343442832824
  0.78455909590095452  0.79775150333146927  0.81197741459752015  0.82762203058361095
  0.84605275141230718  0.86848600052769831  0.90360092995770913  1.00000000000000000
   1.8683829295661667E-010  -1.0000000000000000     
 T F F F T T F F T T F F T T F F T F F F T T F F T T F F T T F T
  <DiscreteSampler_grid>
  grouped_processes
  1 # 1 for a reference and 2 for a running grid.
  10 # Attribute 'min_bin_probing_points' of the grid.
  1 # Attribute 'grid_mode' of the grid. 1=='default',2=='initialization'
  0.0000000000000000 # Attribute 'small_contrib_threshold' of the grid.
  0.5000000000000000 # Attribute 'damping_power' of the grid.
 # binID   n_entries weight   weight_sqr   abs_weight
    10   10   1.242383598901714E+001   4.118703084594446E+002   1.242383598901714E+001
    11   10   1.242383598901715E+001   4.118703084594448E+002   1.242383598901715E+001
  </DiscreteSampler_grid>
