 -0.01289523115083420  0.08643097079248013  0.13695084991292225  0.17350082005251311
  0.20539801471649030  0.23336631248565154  0.25778087839012626  0.28082017636964718
  0.30187532882594309  0.32126742738863812  0.33917068437340908  0.35605338709348966
  0.37214219427647022  0.38758753404476159  0.40243842758803644  0.41685308507975011
  0.43086414741470092  0.44396661680923960  0.45649111543681192  0.46869654617766870
  0.48087260517251595  0.49267963276347715  0.50428809621138337  0.51566960519793181
  0.52680853125990568  0.53734320112684175  0.54751940114112974  0.55740611888700642
  0.56732794815580412  0.57725548464395937  0.58700083658659219  0.59653325460641216
  0.60577054848455492  0.61474194737034993  0.62347901797561767  0.63194968717773481
  0.64022908199921125  0.64843536992892203  0.65658546434004195  0.66466547507698415
  0.67257520589510122  0.68023837272313248  0.68780392318209660  0.69524265652574047
  0.70276515891559677  0.71029993037527339  0.71766936319647812  0.72477544531642635
  0.73178757658229654  0.73880362737291061  0.74597380935710056  0.75301303230996641
  0.75986150345131864  0.76656448299268021  0.77314519117552660  0.77964045194973075
  0.78605504343365629  0.79239814386099594  0.79863884484763159  0.80483136180674875
  0.81097041967846051  0.81708317828800281  0.82321735636988669  0.82933171523979032
  0.83544555785945274  0.84156443760629296  0.84772560195271007  0.85389108348086451
  0.85991089678582988  0.86599831020421170  0.87191557659103158  0.87761712138899561
  0.88314807872983525  0.88859365679169433  0.89402393667445745  0.89944075641111021
  0.90484068995550460  0.91012920763377059  0.91537948635851185  0.92053035060161759
  0.92569712306158380  0.93089888988242042  0.93612300159851902  0.94130914977260915
  0.94642441738965222  0.95150352226561052  0.95657782722270002  0.96164446981714868
  0.96666171922206512  0.97159656658612270  0.97648555005262105  0.98128199403150895
  0.98600153605125285  0.99069510147815321  0.99535236021344276  1.00000000000000000
 -0.00204524590752932  0.00976850586868758  0.01976628307479327  0.03045357376634571
  0.04096874478778150  0.05116066813105310  0.06129044192522169  0.07161904567827539
  0.08222742941158538  0.09268242177104978  0.10297696828804216  0.11285655454476713
  0.12246081527707035  0.13201035575639206  0.14199872252646090  0.15207051599321278
  0.16214807231312819  0.17206420873763423  0.18240361892661472  0.19279236515248532
  0.20344205675289287  0.21399599527754840  0.22453800695880388  0.23486115016749273
  0.24508852435643372  0.25528098967761870  0.26533487289506497  0.27561164882747075
  0.28573976068399209  0.29599345352288270  0.30666816810633324  0.31744932484807142
  0.32849521641066337  0.33934004346189101  0.35009012458805722  0.36066896071618210
  0.37112865740455653  0.38128212430589375  0.39156989570492912  0.40253555757747933
  0.41394240639220314  0.42520670342099448  0.43604731381510409  0.44670468895261006
  0.45754285118503535  0.46797213598603560  0.47875177034676847  0.48929647000944293
  0.49980036754797696  0.51068869378636983  0.52151096138099751  0.53239344050778581
  0.54309531138579537  0.55393925296542490  0.56458258691920749  0.57494349862846694
  0.58524558587331033  0.59540739408837040  0.60540824494301693  0.61539234263112097
  0.62569433196241031  0.63630665568864753  0.64692861661707224  0.65745322754753288
  0.66803497317753857  0.67916643519941944  0.69035767336612541  0.70172448090283379
  0.71246571130725411  0.72309477894203389  0.73396165380636114  0.74475690384324056
  0.75527954280612231  0.76597767220346247  0.77693726953305220  0.78812968339992528
  0.79929250992180356  0.81006462601163554  0.82068689143007290  0.83098063035561309
  0.84144429712696356  0.85219832122581451  0.86324361687848106  0.87408885534837566
  0.88462060106855589  0.89490387822605610  0.90535897624264472  0.91583268982999000
  0.92636661333985737  0.93689628429340654  0.94750157510514144  0.95809436629623268
  0.96849247393342730  0.97880935208554720  0.98925947096913691  1.00000000000000000
  0.00339937651262991  0.01153701658377675  0.02193196647319092  0.03194410395756269
  0.04200019559561433  0.05207394105402582  0.06245647353691834  0.07216282808741188
  0.08208252233041230  0.09196711158363931  0.10213457034010968  0.11230347218601806
  0.12232452127738135  0.13269602850421539  0.14312459904629068  0.15353084192518737
  0.16387948749620154  0.17411385573126731  0.18468720504830691  0.19535285346897016
  0.20631628973176158  0.21740478877000144  0.22854130456911714  0.23969076792937238
  0.25067413877709310  0.26148022838684637  0.27221382003419914  0.28290339145720672
  0.29363884914602223  0.30445120925287256  0.31536052099752959  0.32635342583483185
  0.33748760897561819  0.34866622588798085  0.35953375164949986  0.37017566944600322
  0.38083064298297842  0.39167890270615985  0.40222257581380455  0.41253152275765725
  0.42285316161530750  0.43330399261526431  0.44359558089339451  0.45379743850110310
  0.46406777013989670  0.47438684840829065  0.48486919206782264  0.49553384331053651
  0.50613726370911316  0.51653818148614528  0.52690240796724497  0.53749843553341692
  0.54806948860046889  0.55848395652473870  0.56886057846833304  0.57914872651195137
  0.58928088901065989  0.59927896668994585  0.60930657166912416  0.61954658380846717
  0.62989060910950789  0.64026441510333532  0.65073943853707972  0.66118615087104637
  0.67187230539405218  0.68272322698430532  0.69347294273797300  0.70427316653394845
  0.71503194470338260  0.72587315970472444  0.73672034277086174  0.74726267054451645
  0.75758345111583458  0.76785314164866170  0.77835390386471615  0.78897459386122926
  0.79979252884464425  0.81075749326364044  0.82157920639511006  0.83195624708527049
  0.84196942923942120  0.85184875302129448  0.86171179705367951  0.87153302750808670
  0.88154157501128205  0.89146655136029684  0.90170025377327123  0.91211008830686879
  0.92288686435740819  0.93359693326637061  0.94428656081848716  0.95492200889912726
  0.96607794238485478  0.97722364983178556  0.98853541293503111  1.00000000000000000
 -0.01487126591721711  0.08636726431522215  0.11845519546003989  0.13861233660070468
  0.15467343304007380  0.16861547494293933  0.18078629580918812  0.19185565015276948
  0.20200187631537780  0.21159373843469459  0.22056986689625960  0.22906231146144382
  0.23708515253916404  0.24492111922059739  0.25250264878911544  0.25971130042180307
  0.26679619625880358  0.27372650154984923  0.28053950978840697  0.28726200041187050
  0.29392077348959128  0.30059056295676223  0.30727584890201842  0.31384273329501067
  0.32035427952301876  0.32658696495810330  0.33285977310782883  0.33909818366132993
  0.34539520864501572  0.35167874672342181  0.35782245546378533  0.36380911557280149
  0.36969199180065937  0.37554918738008830  0.38143618947761337  0.38733006063401038
  0.39316266225779217  0.39895049509786545  0.40473361900648830  0.41053383890181994
  0.41632523741984129  0.42211387592001820  0.42792124424056233  0.43376489379255123
  0.43964329206761132  0.44553844127252984  0.45142489864914881  0.45727093247387035
  0.46304484925980982  0.46872478604568807  0.47446097023658829  0.48022405870608775
  0.48599109374765442  0.49183338231996954  0.49770105981775109  0.50357290982724634
  0.50940799281025406  0.51521127900465336  0.52110717554958663  0.52714634657639570
  0.53324218422281222  0.53934858214431591  0.54551021564482571  0.55177061469427946
  0.55812062004253948  0.56459160693644550  0.57117970340239566  0.57792559880843086
  0.58468639192328831  0.59170901024210076  0.59879682254432021  0.60612629317540379
  0.61379010066478168  0.62138091880373836  0.62912046912040198  0.63692454013028843
  0.64492942651102936  0.65318759708529905  0.66165200491040943  0.67030478764616974
  0.67923068209014292  0.68844834365314589  0.69803381069354165  0.70778082569802980
  0.71820071881266623  0.72909734272654858  0.74058986028252660  0.75263042098088329
  0.76574917299006418  0.77985926910950987  0.79543185022405039  0.81349948490917856
  0.83443341314065034  0.85910440665628029  0.89590448518301902  1.00000000000000000
   1.7550223198250761E-047  -1.0000000000000000     
 F F F F T T F F T T F F T T F T F F F F T T F F T T F F T T F T
  <DiscreteSampler_grid>
  grouped_processes
  1 # 1 for a reference and 2 for a running grid.
  10 # Attribute 'min_bin_probing_points' of the grid.
  1 # Attribute 'grid_mode' of the grid. 1=='default',2=='initialization'
  0.0000000000000000 # Attribute 'small_contrib_threshold' of the grid.
  0.5000000000000000 # Attribute 'damping_power' of the grid.
 # binID   n_entries weight   weight_sqr   abs_weight
    10   10   8.585729369713812E-037   1.383899484568823E-072   8.585729369713812E-037
    11   10   8.585729369713809E-037   1.383899484568822E-072   8.585729369713809E-037
  </DiscreteSampler_grid>
