 -0.01152560533295543  0.07592011311197136  0.12353553724393994  0.15806883773622332
  0.18844270433695290  0.21565769412606003  0.23975070516923239  0.26210832506114129
  0.28280369461809685  0.30193474529168474  0.31979724015865763  0.33660872482642129
  0.35251437146246095  0.36791825575860154  0.38279651570861761  0.39713113477751538
  0.41098295176895716  0.42420667244557186  0.43691572148026842  0.44934812089735887
  0.46163958514858500  0.47353308601432048  0.48532839496828617  0.49717527594886457
  0.50900051177214256  0.52033847164209746  0.53116295848468587  0.54176063102897698
  0.55194048864378742  0.56207228412229226  0.57196781938646291  0.58172482386781710
  0.59109885218732738  0.60027415934239337  0.60937186522734399  0.61830962557521607
  0.62708399344785959  0.63565176083236441  0.64419145480661910  0.65265299471889204
  0.66107643099075675  0.66923228874564933  0.67703382262468226  0.68466124178217347
  0.69225439348930995  0.69969066654526790  0.70719166382077170  0.71434062306029300
  0.72139239465953808  0.72830164940186615  0.73545581905527768  0.74257886201667045
  0.74961284398946870  0.75651960375891913  0.76333078775128871  0.77006744108978031
  0.77672122631879714  0.78331904380396966  0.78985600997462480  0.79634361839244061
  0.80277677935766545  0.80911239079569086  0.81543832730339483  0.82179231576945666
  0.82820602762405848  0.83461675018522763  0.84102963813485931  0.84746946887960461
  0.85386710004870570  0.86013894205479047  0.86625079002550343  0.87218733278074523
  0.87793715171560893  0.88354317717368358  0.88911132860686415  0.89470254075727496
  0.90029166964251206  0.90575386345462372  0.91114961972796227  0.91647586746450149
  0.92183984042118128  0.92723678867049919  0.93264750149361275  0.93806010385825167
  0.94345863001267571  0.94883520709017000  0.95422330381860243  0.95959670656807605
  0.96492857149561173  0.97014266450812281  0.97531518687362517  0.98036341546231798
  0.98529478799845960  0.99020945898766410  0.99511073172829700  1.00000000000000000
 -0.00200545547228464  0.00955599389962368  0.01930481965671943  0.02975913840435629
  0.04027596054204965  0.05032339110488912  0.06034927591591568  0.07063622640138022
  0.08112990292561685  0.09153741209395316  0.10183321639084474  0.11196255176608774
  0.12175603041642270  0.13144836980928690  0.14152531660104628  0.15161464470830033
  0.16159032107995441  0.17145913329870505  0.18178588669485959  0.19212574028493370
  0.20273035830007263  0.21332416138588953  0.22372741604268531  0.23406583750920323
  0.24415741949870606  0.25436147091707756  0.26441493717483261  0.27454582982852482
  0.28480485659094584  0.29528705593518756  0.30614893051542369  0.31710559141231692
  0.32817776142246585  0.33923265115836498  0.35017855261357717  0.36083840715406268
  0.37121655098016260  0.38143529959388939  0.39185457875354074  0.40274392021507122
  0.41405449903733221  0.42522788589965349  0.43608737817111198  0.44655776146873383
  0.45726770134920647  0.46759321720276326  0.47839450934775624  0.48896994744352862
  0.49941821867070701  0.51011895061361401  0.52079769335948078  0.53163152206878528
  0.54240973403634407  0.55310346731404436  0.56398925321538051  0.57443424603949023
  0.58486102292098774  0.59517413791596374  0.60535335060554307  0.61556802239426556
  0.62611576347015874  0.63713650979466774  0.64799650889447713  0.65845368349931710
  0.66893577021885398  0.67981025211105883  0.69094221659186938  0.70201829791095194
  0.71271652189122170  0.72332632088011184  0.73408641230081173  0.74469222381607414
  0.75507019390527041  0.76562638318410536  0.77640158153682781  0.78739272123396886
  0.79828524896240327  0.80875783199645990  0.81945897457147276  0.83008727493300316
  0.84074044184053820  0.85162808903784593  0.86246217455458618  0.87327838501234523
  0.88374544411595291  0.89398095070613981  0.90430757172432663  0.91445553305142036
  0.92511452674568906  0.93583357397160571  0.94678069161292788  0.95758226728493001
  0.96812118189737761  0.97870204750058143  0.98914020083873333  1.00000000000000000
  0.00302983338823816  0.01348636574960183  0.02540347728783700  0.03631093466494746
  0.04691326715241746  0.05742434171951574  0.06795038860173619  0.07821525018422154
  0.08861169051287711  0.09878767012741589  0.10925614984257023  0.11962853963940452
  0.13003301170531759  0.14056138197762805  0.15093768142844036  0.16147811248046351
  0.17196589290130881  0.18242044326102635  0.19332104107250125  0.20416225556332068
  0.21528162875335277  0.22626825267234901  0.23753920706505333  0.24866831643266374
  0.25951370961868087  0.27028840064567478  0.28095123787054793  0.29169788088950815
  0.30258050737386938  0.31341467120452077  0.32429408247921349  0.33530688000049824
  0.34668743753419595  0.35789013653513835  0.36875780854739632  0.37955657819041805
  0.39032773302208601  0.40101759397964404  0.41151435691579208  0.42199941912149308
  0.43224938676214064  0.44246455207424179  0.45267509381266191  0.46289798364590679
  0.47306124182660025  0.48327811606123638  0.49368439597568331  0.50408242373362366
  0.51448232023321228  0.52484513986605408  0.53513097668044751  0.54542140470224809
  0.55576176415922773  0.56618655832594611  0.57655511772997847  0.58678902951926182
  0.59688611184894369  0.60683179627265016  0.61668726005255581  0.62662326295823434
  0.63663663080922939  0.64674208276314538  0.65690584613426706  0.66716016559249558
  0.67771554766174191  0.68823580118505023  0.69874988081554257  0.70928970984517792
  0.71983072621235245  0.73055321461636846  0.74121795317125394  0.75172426346709109
  0.76202948408422433  0.77237948373225807  0.78297593278524713  0.79359054436878451
  0.80445293116775773  0.81527747355138203  0.82603436418200504  0.83617153664059796
  0.84613711976049399  0.85592256615898354  0.86560668841383270  0.87522239326099238
  0.88504668396375163  0.89495717500003169  0.90511482485095673  0.91526214073815637
  0.92580579062808321  0.93599082519354815  0.94637377891340968  0.95659885498472264
  0.96756938736271947  0.97829143046752276  0.98916672399072270  1.00000000000000000
 -0.01494156753064033  0.08700282421714732  0.11875742150392661  0.13863602449811852
  0.15457292513486220  0.16831776295932122  0.18049020712583846  0.19155637633200384
  0.20171315125709841  0.21131099414869414  0.22035192479367141  0.22890156374950604
  0.23699976267114509  0.24491549540746296  0.25256595784397007  0.25987894318058730
  0.26705892608379256  0.27411739127873996  0.28106330654812217  0.28789922035668042
  0.29462686546062250  0.30130455107809523  0.30797366621206923  0.31450659185942265
  0.32097007972020980  0.32720116342275579  0.33344682037630385  0.33953253326377636
  0.34563829324844098  0.35176238136191951  0.35780281529829977  0.36374944559625905
  0.36957295679193947  0.37535907794599310  0.38120313257387162  0.38704160127189180
  0.39289691166773638  0.39871924134479442  0.40453978140284474  0.41033689900960374
  0.41610971121731283  0.42191141814511052  0.42775262421397925  0.43364672139209165
  0.43958185738744304  0.44552844262310215  0.45146824279770720  0.45738057795579640
  0.46320305340679713  0.46894796503124136  0.47478916741212612  0.48064359871637696
  0.48645162031702127  0.49226631339160754  0.49807258565279972  0.50392562383011630
  0.50979028203796006  0.51562347715623058  0.52157276097496552  0.52770531439495760
  0.53388391809480373  0.54008146560702930  0.54634439149577796  0.55270389910431195
  0.55912453349189384  0.56571256050884822  0.57238127005862816  0.57923762589661210
  0.58619620219014457  0.59326835309265613  0.60039712003068502  0.60774142967913591
  0.61534428010889564  0.62300007883968411  0.63066747311676252  0.63833488162942253
  0.64618310037296134  0.65437284118266437  0.66275006626063582  0.67133071140780542
  0.68017415504568945  0.68936585555539243  0.69895737858416984  0.70862563278534529
  0.71896775884520725  0.72964671032471462  0.74098555023795831  0.75284364985198926
  0.76594406972713769  0.78011881741646616  0.79579156015092845  0.81374818469761057
  0.83455338371527876  0.85911810714416526  0.89553070384129030  1.00000000000000000
   1.3956677784446555E-047  -1.0000000000000000     
 F F F F T T F F T T F F T T F T F F F F T T F F T T F F T T F T
  <DiscreteSampler_grid>
  grouped_processes
  1 # 1 for a reference and 2 for a running grid.
  10 # Attribute 'min_bin_probing_points' of the grid.
  1 # Attribute 'grid_mode' of the grid. 1=='default',2=='initialization'
  0.0000000000000000 # Attribute 'small_contrib_threshold' of the grid.
  0.5000000000000000 # Attribute 'damping_power' of the grid.
 # binID   n_entries weight   weight_sqr   abs_weight
    10   10   7.843156774288832E-037   1.111028491669116E-072   7.843156774288832E-037
    11   10   7.843156774288832E-037   1.111028491669116E-072   7.843156774288832E-037
  </DiscreteSampler_grid>
