 -0.01073234655123701  0.06875534114441470  0.11246068412455833  0.14490697671047326
  0.17373966868529911  0.19962966277745930  0.22276732659654919  0.24403208115932815
  0.26395448562702145  0.28287219282698095  0.30109819010018435  0.31820575301763576
  0.33422014752193541  0.34962320144969833  0.36454544632510788  0.37881012821013382
  0.39256659555085843  0.40586692085059817  0.41863028614731884  0.43101270071337511
  0.44319683655809589  0.45520176210527857  0.46705570082246656  0.47885196197344615
  0.49057613703417957  0.50203541652932526  0.51339931531945526  0.52442664786745830
  0.53525247602280601  0.54593008931084519  0.55658060788259678  0.56668156447937201
  0.57632632198545342  0.58576864844765975  0.59515056482837436  0.60457990211978307
  0.61396782893153989  0.62307957236648559  0.63186539604828584  0.64058922563617759
  0.64923929137917835  0.65778005655837546  0.66611879667879781  0.67395753223951460
  0.68178574747425225  0.68944198932674339  0.69697264104751988  0.70436369419618616
  0.71157270166367792  0.71873019277442918  0.72597153284456972  0.73333304444058178
  0.74066039626113289  0.74779430770426558  0.75477810810566093  0.76168811400635239
  0.76853479568759153  0.77540057479319768  0.78225204288941186  0.78908419306687694
  0.79580610695948062  0.80243503761451329  0.80902641441351009  0.81562423504539416
  0.82226486937408949  0.82899241083060549  0.83550524934946735  0.84185540039006834
  0.84825315257424105  0.85464186725825719  0.86092267679099987  0.86700489554133875
  0.87290328843960252  0.87866258595708813  0.88432986638562106  0.89011926592258062
  0.89594690289645607  0.90174307399731402  0.90741495637658542  0.91299216447419840
  0.91855614285542553  0.92414438913727848  0.92972354324367901  0.93523996923258290
  0.94069800711765472  0.94617355846893325  0.95164231214872275  0.95715660887195420
  0.96267735953421074  0.96813437474058361  0.97357179199000987  0.97896706997259286
  0.98429442054545202  0.98957964393384779  0.99482455224005573  1.00000000000000000
 -0.00233930269653247  0.00943523104546601  0.01942934458085300  0.02985895970795542
  0.04030129158329263  0.05023140473077588  0.06015293663848135  0.07027851437097406
  0.08054450433782150  0.09084975170287687  0.10106035129089709  0.11120745711593208
  0.12133647335025548  0.13128734945529935  0.14164605606641018  0.15180285462968740
  0.16187979564477506  0.17176402091949733  0.18201892211183274  0.19248519187192648
  0.20326704040156032  0.21399541320472340  0.22478003004803332  0.23546738780190549
  0.24596122894046904  0.25642767811992107  0.26686323576948134  0.27750384272121531
  0.28854913435995716  0.29988418096149067  0.31115629505957004  0.32224645677136937
  0.33321156051708262  0.34441434949611593  0.35544033594891788  0.36633183333953662
  0.37730119090455222  0.38739150443156450  0.39773622520688323  0.40827856947631530
  0.41938063149166688  0.43037133778012338  0.44086886009375476  0.45106444932678597
  0.46104344584106072  0.47093791455832928  0.48130246794016002  0.49178387626715148
  0.50232781914559432  0.51269409438790647  0.52334844139617287  0.53420758204960261
  0.54504264968542093  0.55595132708647088  0.56679556256114672  0.57785879765773951
  0.58896388679527245  0.59985401627266832  0.61002169159829034  0.62003777306821639
  0.63032991317690590  0.64095479408699840  0.65163402227850686  0.66202943207012743
  0.67238242579535401  0.68277446736581238  0.69338073451600968  0.70381127494301399
  0.71413452675789391  0.72471470473135957  0.73526527274520848  0.74584490586975527
  0.75621532683678716  0.76660196832741967  0.77685958085601803  0.78738831657383967
  0.79804077244213101  0.80852453393524937  0.81885666105908939  0.82954392847332570
  0.84016228665332060  0.85110621978770340  0.86187257583586163  0.87258557793411029
  0.88269089687976643  0.89282207551907788  0.90331808545620762  0.91399886849243228
  0.92459455628699194  0.93493783678707754  0.94564808407278456  0.95637347804941986
  0.96708692024327725  0.97801989417478807  0.98900481168295462  1.00000000000000000
  0.00336496705232344  0.01776597453335857  0.03193454204790949  0.04434732326596613
  0.05551886563980366  0.06655687125709951  0.07751666189767943  0.08851397475379170
  0.09933041362765291  0.11005105399114649  0.12077741827802831  0.13144395466591130
  0.14211167512135003  0.15264232679487763  0.16309037436538498  0.17360311567355716
  0.18409330985884750  0.19470233346380511  0.20538651202972619  0.21634212785429824
  0.22751529526366981  0.23860055032797270  0.24954102081520907  0.25999396704888361
  0.27047940302494961  0.28081104530247586  0.29114500135012178  0.30163723907006268
  0.31215742862282120  0.32312870123293097  0.33401546624915668  0.34508987944242386
  0.35598572117942151  0.36670984007172491  0.37758260469125099  0.38865283362347547
  0.39988731459679439  0.41074116837363578  0.42187183701459630  0.43249043887736771
  0.44339344767178834  0.45380703912350623  0.46424067511735134  0.47446857153313698
  0.48457407532640606  0.49479015492743422  0.50510043358526147  0.51530964927144485
  0.52542084650028620  0.53546372529060227  0.54538222813353032  0.55542830386159181
  0.56543757729132704  0.57574960265350950  0.58578116398040869  0.59593413972717180
  0.60592795991133719  0.61587207503145203  0.62577145690649205  0.63569989044993125
  0.64563967935309030  0.65570667751871092  0.66570774567161040  0.67608503137642006
  0.68656348179949511  0.69704030821769036  0.70747713071136120  0.71775791249250753
  0.72826047237248115  0.73899150471902708  0.74963243434710192  0.76020884554710200
  0.77056050415056754  0.78116950415400910  0.79163916047667482  0.80192834294842896
  0.81203326064111281  0.82176258095690335  0.83141789926899379  0.84083664423258919
  0.85045332269932905  0.85998978163382422  0.86946024327993499  0.87902626059782030
  0.88901785278660417  0.89908532998366797  0.90890910595419894  0.91873996261589985
  0.92888052839282709  0.93895385930642572  0.94911643626562747  0.95939566373789964
  0.96993672266795794  0.98024526892770181  0.99010594192057710  1.00000000000000000
 -0.01504422984538643  0.08706067015245371  0.11965504011950309  0.13999300509947910
  0.15588621822386756  0.16935132444883780  0.18112384928272129  0.19192374816180907
  0.20202031670620654  0.21144778329278960  0.22024836376578244  0.22871416050529852
  0.23685483314419498  0.24479813097013231  0.25245579550918307  0.25983397030779243
  0.26705655948617552  0.27410377171559758  0.28096497392838454  0.28772334236189140
  0.29444977316004628  0.30120832237468981  0.30787678653002226  0.31431409981421010
  0.32068149425861170  0.32697428931392170  0.33325184022484516  0.33942417631650218
  0.34554223373933518  0.35166187165937779  0.35763421205566753  0.36350299983703899
  0.36936456133689516  0.37519342113578513  0.38111295252734190  0.38706175853517277
  0.39299117845266668  0.39888338035700771  0.40479263561504347  0.41059455615284879
  0.41633982137288533  0.42210935136647659  0.42792117197183643  0.43378713757129533
  0.43965437376332883  0.44546093710002560  0.45130135662640053  0.45730215917825090
  0.46328597789816883  0.46917336866436010  0.47498630935666397  0.48079020395905064
  0.48659640901426987  0.49250200967737323  0.49844811367861402  0.50451174429676626
  0.51062363810355182  0.51673158873757163  0.52296042135243614  0.52938703653784747
  0.53588386128467413  0.54236089213170147  0.54881137521178069  0.55531683927217412
  0.56189725525558298  0.56864125935492804  0.57541205360863823  0.58227219961516807
  0.58914176087812242  0.59609987192791158  0.60315308430938919  0.61037666980234084
  0.61769353643070879  0.62508466222616466  0.63258342407268231  0.64011548172109978
  0.64786337134099681  0.65588075876481344  0.66404246402921152  0.67251847094228867
  0.68131037327977195  0.69044879298684481  0.69989347657073619  0.70950681017405215
  0.71979415625137666  0.73049476089185172  0.74209109130497319  0.75412679409867489
  0.76734581587183548  0.78148084884294711  0.79705152444862637  0.81451967502852041
  0.83472192952392088  0.85955442918737535  0.89715894852685141  1.00000000000000000
   9.7063665938378647E-048  -1.0000000000000000     
 F F F F T T F F T T F F T T F T F F F F T T F F T T F F T T F T
  <DiscreteSampler_grid>
  grouped_processes
  1 # 1 for a reference and 2 for a running grid.
  10 # Attribute 'min_bin_probing_points' of the grid.
  1 # Attribute 'grid_mode' of the grid. 1=='default',2=='initialization'
  0.0000000000000000 # Attribute 'small_contrib_threshold' of the grid.
  0.5000000000000000 # Attribute 'damping_power' of the grid.
 # binID   n_entries weight   weight_sqr   abs_weight
    10   10   6.740760902218217E-037   7.857907891072504E-073   6.740760902218217E-037
    11   10   6.740760902218217E-037   7.857907891072506E-073   6.740760902218217E-037
  </DiscreteSampler_grid>
