 -0.01023352703414246  0.06675578603802335  0.10998089406654209  0.14342579727818663
  0.17284959694556251  0.19901201733900811  0.22274314957136540  0.24397329930223008
  0.26387424623977229  0.28257724491345843  0.30045854572308273  0.31763330945247886
  0.33417629903156915  0.35013684855192084  0.36544854643300007  0.38014631196182408
  0.39422609804659114  0.40775351037053914  0.42094574474941876  0.43371342697400522
  0.44580352728543005  0.45757421513184082  0.46931461912413697  0.48109779799496399
  0.49262295239164489  0.50390821164821431  0.51480128153033156  0.52528993270239632
  0.53545866116684115  0.54540983195978554  0.55515571108477002  0.56467793129311539
  0.57416044773093211  0.58347424455544472  0.59275844013848589  0.60187853013368919
  0.61090126498529773  0.61973179016870317  0.62846928122500800  0.63710552025910527
  0.64557267042101796  0.65387952126799687  0.66215047936394600  0.67045740459536840
  0.67873972618635403  0.68690705688677356  0.69479881717507430  0.70256050614062959
  0.71032390942927637  0.71796248022901998  0.72548777136379317  0.73284497213009603
  0.73995304442343690  0.74709912197879869  0.75420863278627104  0.76126838382999051
  0.76825008198216993  0.77517986869953959  0.78207642027425250  0.78892758254693995
  0.79577003975758875  0.80239014854959811  0.80898115101610202  0.81537564748012825
  0.82172247507359841  0.82808283079393608  0.83438269255514397  0.84063358318791725
  0.84675221255798228  0.85278545492611257  0.85883444582884594  0.86487933980754916
  0.87092582525769691  0.87704780116441583  0.88318681674801069  0.88930094496857015
  0.89533764464429488  0.90132279678251026  0.90726790521707101  0.91317848575389449
  0.91896029207476004  0.92459464020656235  0.93016348215587552  0.93571799963884350
  0.94120430266603727  0.94663096455372897  0.95204041217857360  0.95738234331099725
  0.96265025881430177  0.96791108226530764  0.97318354872676749  0.97848373366633434
  0.98383211910428447  0.98921868109900635  0.99459359261594171  1.00000000000000000
 -0.00269741583337954  0.01013968966402558  0.02074899209697243  0.03129659452311736
  0.04185898544452544  0.05238068725776780  0.06288111781180439  0.07288629855267680
  0.08280750124150471  0.09307318146802500  0.10331053844845320  0.11382404920279118
  0.12429752824010375  0.13495192537267323  0.14534302834679694  0.15574138360062934
  0.16615810662155328  0.17677144962683275  0.18760856594948630  0.19808078443862223
  0.20876589465874767  0.21936891933215347  0.23001904655736952  0.24032847358470705
  0.25057122363215728  0.26083513886230603  0.27139965458023790  0.28197486871942240
  0.29239480250165067  0.30265340616312214  0.31294674672085127  0.32351769967319643
  0.33415759533993916  0.34481733778622498  0.35564450470177755  0.36658428700156054
  0.37749220046118098  0.38781848074126352  0.39810606353493827  0.40883731493407571
  0.41960526889140903  0.43029793449165610  0.44090897020231645  0.45194390474519203
  0.46273717546345677  0.47329328678975879  0.48401259294633359  0.49533327567323948
  0.50666058492697152  0.51797253000249077  0.52899444252786709  0.53958865470849526
  0.54985927745670005  0.55984571030757846  0.57045659787621184  0.58137644005330125
  0.59267313819786749  0.60390508508426377  0.61527564168575832  0.62654503532115191
  0.63709776254735762  0.64769924282249158  0.65808005304235606  0.66805047132724382
  0.67793802000250558  0.68782065149636196  0.69809236474694647  0.70826162891776268
  0.71895067187005257  0.72984097323913155  0.74073440001724122  0.75133977581663547
  0.76203346541199513  0.77269854751319689  0.78350762437321553  0.79434717086824114
  0.80504887159501048  0.81567746137064945  0.82609259237818622  0.83652617429491549
  0.84664003120630538  0.85672795834256843  0.86677703432251618  0.87708931427649195
  0.88772726028263804  0.89841969942303090  0.90916562469723416  0.91968770426252067
  0.92962219321618800  0.93954134801307376  0.94937994249348678  0.95946021731808628
  0.96946811653403320  0.97913007527457174  0.98965964584765620  1.00000000000000000
  0.00258374253523249  0.01841752077767701  0.03261923828729178  0.04474815460614934
  0.05577728486303912  0.06646078089357811  0.07702964964776304  0.08779115856187804
  0.09876715126127063  0.10966395639182337  0.12031199152247611  0.13092561028894292
  0.14160561941333633  0.15207578899822494  0.16241594110117852  0.17286779171510858
  0.18334269680585968  0.19363507703416369  0.20392581355334038  0.21443866094308159
  0.22503203243959483  0.23536402492002717  0.24556389573756002  0.25604490956758963
  0.26659589113346899  0.27717152199902928  0.28774559278789419  0.29853888769698272
  0.30961873322019962  0.32038653251097771  0.33115127691219592  0.34198480341082038
  0.35277620878654831  0.36347362283076379  0.37391236385523924  0.38412529472944285
  0.39427801328475598  0.40441632042364856  0.41483131072545071  0.42551478192266973
  0.43619521852788634  0.44677423586416254  0.45728863297845129  0.46810325935876568
  0.47913855621991430  0.49001929124002613  0.50058508763775433  0.51082719808288179
  0.52109507892535600  0.53122109998241551  0.54128388704124353  0.55164475826951409
  0.56230829781123282  0.57322336313777500  0.58415552444402097  0.59497041287161634
  0.60549719972002003  0.61584421288792501  0.62619748838599798  0.63639552962490198
  0.64635212968450040  0.65625605741072734  0.66637516428015398  0.67671763558355491
  0.68716727688147805  0.69773750078418451  0.70843871130850333  0.71893990479701952
  0.72940681296986465  0.73970089924991766  0.75006525709435334  0.76010239874768204
  0.76997726491082374  0.77991579479416262  0.78993366630261774  0.79996123729846713
  0.80976795986365124  0.81954638615593789  0.82937639724905221  0.83937565781373313
  0.84957801861035165  0.85996346862779860  0.87038041547015332  0.88053693496114871
  0.89054721981024998  0.90050218629323653  0.91062455357558425  0.92069526093259024
  0.93056310414543542  0.94018172814980849  0.94976077626553124  0.95945934657601983
  0.96939399834848339  0.97949064316362111  0.98975175887150757  1.00000000000000000
 -0.01599804381992277  0.11158415271414959  0.15223146920260372  0.17928363715018727
  0.20183477164868044  0.22181209296631074  0.23984078114654275  0.25635578381688212
  0.27171848427890527  0.28625214733089660  0.30025813633538934  0.31370967031473346
  0.32681464765760476  0.33969868838537109  0.35223780682762373  0.36443381007407533
  0.37651072216338388  0.38826917510387371  0.39974399515380021  0.41092339941500933
  0.42209598832507050  0.43295776285418103  0.44361180343203049  0.45395977767129592
  0.46411705712446805  0.47417886812928112  0.48417781614948591  0.49432508344864146
  0.50429277058422362  0.51419306423206179  0.52375167947067691  0.53303724844882872
  0.54229260615237018  0.55141509721384108  0.56057389737462149  0.56935193655934069
  0.57794310551373795  0.58617816866223282  0.59424544791139355  0.60226916502400452
  0.61009665883554698  0.61778878137518445  0.62539197107823630  0.63298685711172797
  0.64043647891144628  0.64777226123030818  0.65502468379329748  0.66209036665882226
  0.66913563141463184  0.67607598297539351  0.68302157802186758  0.68976815097578859
  0.69633970449228288  0.70278238153903549  0.70903685364157454  0.71506871828893315
  0.72093672141370935  0.72675316458323136  0.73249511991728478  0.73826407720885689
  0.74411911310482959  0.75000099852957058  0.75576000479063687  0.76135941501478888
  0.76685719179860024  0.77222039932157605  0.77749867029848674  0.78275316930719918
  0.78795495273619953  0.79307432216597751  0.79810484419410366  0.80307018490309390
  0.80806157079098961  0.81311446475071292  0.81835546035859075  0.82369391771492062
  0.82904020738409046  0.83437080391083918  0.83969253518746567  0.84498593216745765
  0.85031677089419200  0.85568212366897978  0.86099867267563801  0.86636314972610284
  0.87184154901414090  0.87745770400082213  0.88331171559212618  0.88934204429556729
  0.89564399573881159  0.90249252317118611  0.90970060264167496  0.91772376020710200
  0.92750820566130099  0.93981534716473514  0.95905879859618959  1.00000000000000000
   8.3726661081991811E-010  -1.0000000000000000     
 F F F F T T F F T T F F T T F T F F F F T T F F T T F F T T F T
  <DiscreteSampler_grid>
  grouped_processes
  1 # 1 for a reference and 2 for a running grid.
  10 # Attribute 'min_bin_probing_points' of the grid.
  1 # Attribute 'grid_mode' of the grid. 1=='default',2=='initialization'
  0.0000000000000000 # Attribute 'small_contrib_threshold' of the grid.
  0.5000000000000000 # Attribute 'damping_power' of the grid.
 # binID   n_entries weight   weight_sqr   abs_weight
    10   10   1.595286330528833E+001   4.795878465759873E+002   1.595286330528833E+001
    11   10   1.595286330528833E+001   4.795878465759873E+002   1.595286330528833E+001
  </DiscreteSampler_grid>
