 -0.01241871481510600  0.08498113971989468  0.13517910670632166  0.17371788299798832
  0.20611694976236977  0.23369673187399986  0.25804752647589069  0.28038198423007532
  0.30085895136532292  0.31988890982366031  0.33818930403590869  0.35575466173424020
  0.37267655559649476  0.38875951294540229  0.40429271477019380  0.41927776289065249
  0.43384765909966078  0.44771436007345983  0.46058079266691010  0.47278764879243418
  0.48447888287063096  0.49614889415211633  0.50760164399312779  0.51856509787182004
  0.52933966876394056  0.54009804691576502  0.55056043775505092  0.56079013109111375
  0.57067950074767415  0.58035192175495365  0.58958504820997981  0.59874235882057381
  0.60782784199088757  0.61678567310090426  0.62549893105333554  0.63413166939680221
  0.64271947457166001  0.65130783415550275  0.65968307298038409  0.66775450236928902
  0.67533715315338372  0.68283777283568803  0.69023153743174204  0.69750841098998284
  0.70474571177521794  0.71202246914897538  0.71937334710481271  0.72656999682813406
  0.73364541767372859  0.74063919867344263  0.74764844377432293  0.75459268181008732
  0.76148588990490318  0.76833202297360070  0.77509034616298944  0.78176104832637117
  0.78836163047788588  0.79492725676390519  0.80137116790686247  0.80778884212993085
  0.81412812993150641  0.82036021716345464  0.82659741188240954  0.83272091592233421
  0.83875900309620000  0.84476284865665552  0.85074937294045572  0.85669293112345424
  0.86258786832721079  0.86847861298425566  0.87432257635977917  0.88008008065737653
  0.88575989714068804  0.89142872944051799  0.89697254044836749  0.90238117773899973
  0.90767287472994929  0.91290344377015031  0.91813061079945990  0.92333792250511049
  0.92852400359669574  0.93377800774619313  0.93886383149969255  0.94376521787743761
  0.94856646641291154  0.95334745497795781  0.95807340431653598  0.96286266939277787
  0.96765462626649612  0.97249970767344196  0.97730653098603870  0.98197228295352712
  0.98654181559607701  0.99104183021794745  0.99550354300664978  1.00000000000000000
 -0.00219005033003672  0.01135774741822552  0.02135549090125307  0.03230645333049133
  0.04334868112188779  0.05423152470512365  0.06529799828055542  0.07630809254585372
  0.08698423845386535  0.09752263953652487  0.10799125524832781  0.11859484551146862
  0.12884599061574972  0.13917263815485145  0.14971257527901163  0.16039827698400411
  0.17033539348211732  0.17998136624409214  0.18968109989840892  0.19967779550388440
  0.20975881740231245  0.21963365661379242  0.22948850637966325  0.23921492148698956
  0.24887035359024146  0.25849528545704392  0.26837644404280259  0.27848005164730572
  0.28909114275559006  0.30018035441216384  0.31156902791414354  0.32254465488976747
  0.33357538891119703  0.34402544993582290  0.35454374649999448  0.36427010076936545
  0.37408895956473448  0.38423237797579152  0.39458854339988353  0.40516182141550783
  0.41564139825096186  0.42638461567937747  0.43721097809198178  0.44758706971577478
  0.45786318671313497  0.46826980615836428  0.47889010247672187  0.48943903303269692
  0.49991022438077559  0.51024033181868267  0.52058259483971170  0.53098778823599924
  0.54150129696434568  0.55236941672055007  0.56313443330649882  0.57401279080062140
  0.58494527171623478  0.59583535310906766  0.60649161038655308  0.61700006503470073
  0.62725358063601921  0.63765234303682650  0.64792145456687733  0.65848763525396981
  0.66918148754623230  0.67992621179495349  0.69034691239075874  0.70076218915745703
  0.71153020738738715  0.72230351923917790  0.73294664323219894  0.74358454540538188
  0.75408612111405982  0.76456319153434560  0.77477590552535358  0.78539653526879527
  0.79595438999439461  0.80682604651618306  0.81735841153861155  0.82768122598059846
  0.83784929955922427  0.84814022649330933  0.85836443675802998  0.86877006951407798
  0.87929607532238496  0.88992030952124990  0.90021377358407695  0.91061277891474557
  0.92120624310461485  0.93204168916191821  0.94297363520031197  0.95401137181536233
  0.96525438270395392  0.97655364116884802  0.98830802469217505  1.00000000000000000
  0.00371302725804432  0.01156414189189031  0.02112888962857606  0.03124958996352869
  0.04140129327849770  0.05176729270631704  0.06220988797135017  0.07242798876672653
  0.08279462501757673  0.09242360816587739  0.10236537807629625  0.11259571845527928
  0.12308320504794132  0.13302636259805201  0.14295422052445125  0.15306288369713472
  0.16360190633321489  0.17384382797913861  0.18407733929429246  0.19410002530212497
  0.20412531042397267  0.21397924513379521  0.22363542433721481  0.23330981092955230
  0.24325441648425580  0.25335185514715391  0.26348066483071153  0.27373776159484381
  0.28382473660864144  0.29365735492643608  0.30329131463661857  0.31314956692564927
  0.32350876347810992  0.33420216931958813  0.34507184131097812  0.35586748685246028
  0.36644708706304774  0.37688831093525915  0.38715537024952235  0.39768607583421400
  0.40860768060229286  0.41969700889037526  0.43028779418289637  0.44061092844344346
  0.45060645751638972  0.46069531335676672  0.47077140499178249  0.48083296479051768
  0.49080768524662371  0.50070767626382284  0.51064614723660151  0.52082415479180022
  0.53111747629012340  0.54139266892720384  0.55152561605487660  0.56178067801216158
  0.57228857605256811  0.58275861398648021  0.59314432850006971  0.60355916307389401
  0.61431426355396124  0.62513847351637619  0.63618827583784987  0.64698835049336945
  0.65745698956846232  0.66802056097033402  0.67899107212469478  0.69025516100490425
  0.70124201905297356  0.71198170180528175  0.72268408803952178  0.73315210215094262
  0.74337853241173679  0.75361723822111792  0.76426473760748226  0.77511715750076249
  0.78617316941294968  0.79754208652159153  0.80933738879938422  0.82104965467740154
  0.83252587211499995  0.84480651317720457  0.85720120871691652  0.86917508804243571
  0.88098785730008156  0.89267338101353122  0.90341599419261576  0.91373723131972651
  0.92385911758153927  0.93405651468051443  0.94458057169713350  0.95529451080844696
  0.96627450646724866  0.97744866829638122  0.98864804449692256  1.00000000000000000
 -0.01558876796720024  0.11080419395969494  0.15862493935245617  0.19217569775842719
  0.22030665098457425  0.24468560225521735  0.26657621498336553  0.28691307752111073
  0.30579260832505084  0.32328730551150636  0.33976202201183625  0.35522330822540532
  0.36989760123518589  0.38400222376958421  0.39765897009316065  0.41026459347021516
  0.42232219294486456  0.43385229195082575  0.44520177919229487  0.45606012036672605
  0.46661487268768298  0.47717847343387110  0.48797982099533244  0.49857219664984237
  0.50864699667652047  0.51854520441155694  0.52801655843424122  0.53730901061951419
  0.54636747632360727  0.55512064704025521  0.56374314247592761  0.57225193473216085
  0.58081590077485201  0.58954422195566858  0.59813738834544827  0.60647011790719418
  0.61458965959021794  0.62254264550543081  0.63022103707279942  0.63762251421725846
  0.64501705677253585  0.65201760426146238  0.65886860394176094  0.66556767477168244
  0.67215046492441688  0.67868398487739146  0.68515655507493856  0.69156412988878768
  0.69794821239089111  0.70431204103474032  0.71061286462698714  0.71677797964218604
  0.72274684876018747  0.72850130739598185  0.73403780644906491  0.73945628092469595
  0.74477816637448291  0.75007570803451484  0.75510357098096703  0.76015501008341313
  0.76518090536089389  0.77009502761516169  0.77488370143554586  0.77958911637109507
  0.78424322643215427  0.78884981710205493  0.79363793915720160  0.79836077147533913
  0.80307284382704902  0.80778493825924191  0.81240813835552228  0.81710603361434164
  0.82184229981447787  0.82653005717782690  0.83119546753759654  0.83589789736426368
  0.84063675221216227  0.84534962806027081  0.85006761168607903  0.85479658106411716
  0.85954100228304342  0.86434158145279716  0.86923109978685098  0.87418629962248451
  0.87929403093315817  0.88455341889002970  0.88987115007311468  0.89543034820049583
  0.90140749122752406  0.90775985113713853  0.91449438694837326  0.92245535773786158
  0.93162304769051474  0.94355313269065477  0.96229559341787008  1.00000000000000000
   5.5120366131881557E-047  -1.0000000000000000     
 F F F F T T F F T T F F T T F T F F F F T T F F T T F F T T F T
  <DiscreteSampler_grid>
  grouped_processes
  1 # 1 for a reference and 2 for a running grid.
  10 # Attribute 'min_bin_probing_points' of the grid.
  1 # Attribute 'grid_mode' of the grid. 1=='default',2=='initialization'
  0.0000000000000000 # Attribute 'small_contrib_threshold' of the grid.
  0.5000000000000000 # Attribute 'damping_power' of the grid.
 # binID   n_entries weight   weight_sqr   abs_weight
    10   10   3.067894241727684E-037   2.137022952543838E-073   3.067894241727684E-037
    11   10   3.067894241727684E-037   2.137022952543838E-073   3.067894241727684E-037
  </DiscreteSampler_grid>
