 -0.01119378351854928  0.07453640521446292  0.12088024014307822  0.15640291367421882
  0.18694661955668535  0.21456602885907797  0.23903489929543997  0.26093888051291103
  0.28145204765150933  0.30117208483932506  0.31981051468128335  0.33717539885530395
  0.35385637743898002  0.36978633173217151  0.38501095680267378  0.39945984909378301
  0.41316162631753295  0.42647674349250442  0.43944185495171928  0.45168845019313808
  0.46338949215929526  0.47505513994535836  0.48681383458271160  0.49861486010729644
  0.51011957901434668  0.52138152984354691  0.53190931941612873  0.54215186817929195
  0.55205946068383438  0.56181627194402617  0.57124719204077912  0.58052612767043899
  0.58981576431043015  0.59889336836804885  0.60783943411636454  0.61651715932162043
  0.62528685497097691  0.63422388432375720  0.64305740899631036  0.65192100514851359
  0.66023357474608879  0.66851343172613098  0.67663821356439702  0.68479914524958163
  0.69266285007547834  0.70030854307074353  0.70781673543874912  0.71523357317667269
  0.72260674914729572  0.72993991897970334  0.73710152996811928  0.74417478290736716
  0.75109823564704270  0.75796308284226133  0.76490572325479200  0.77181570885335649
  0.77861488439596127  0.78530312833616334  0.79192209975661965  0.79855198393465576
  0.80512161837817198  0.81155520949632631  0.81781934163734593  0.82393255969984125
  0.83002801225132783  0.83601934086460994  0.84192363021885819  0.84785420034415238
  0.85380377272529662  0.85977429522222559  0.86574055977989273  0.87167241721442601
  0.87758786734416927  0.88348901031057903  0.88929032437758004  0.89502752449429190
  0.90067712457350169  0.90633192329012013  0.91197020853062283  0.91748779888670839
  0.92287776723489590  0.92817171369665052  0.93346917078323388  0.93879394120159887
  0.94408903749505635  0.94937775141685754  0.95462039474095761  0.95969258642609379
  0.96471989573078487  0.96974154974009252  0.97482007907654855  0.97991056201694549
  0.98497304055551815  0.99000068206790348  0.99499316517452652  1.00000000000000000
 -0.00265606106971519  0.00996118917447877  0.02035878470758738  0.03058449077887248
  0.04089651825334635  0.05137178186150886  0.06172315313596650  0.07174674764428876
  0.08155733452809943  0.09169150251326180  0.10189101094515678  0.11209378157343701
  0.12234959204122613  0.13264602308598128  0.14298184948876141  0.15341214141249210
  0.16398869359539736  0.17487838669199479  0.18582807436944324  0.19652869057843031
  0.20730258901496776  0.21824932507222769  0.22924141350781280  0.23992232830108176
  0.25055457941032488  0.26114328356946848  0.27182694909486599  0.28225547275736573
  0.29252363285400912  0.30274317655639377  0.31318122824487282  0.32380557418418193
  0.33443242603306134  0.34532205630382468  0.35625510636692798  0.36728854280348416
  0.37797861309319641  0.38843792856721632  0.39902815325369995  0.40981020127642337
  0.42060370192718433  0.43128497992775588  0.44203809006891620  0.45321896066372513
  0.46424847806179548  0.47526883451552437  0.48638976068758960  0.49769573012442297
  0.50865686259696374  0.51965314044250988  0.53045456059340024  0.54100679714918021
  0.55129265117729709  0.56158011125462237  0.57231448641288118  0.58329297573155714
  0.59469152444367568  0.60619939016975932  0.61766970349984440  0.62860411809215033
  0.63897386764316044  0.64931496781351383  0.65965581708859988  0.66993997967184182
  0.68002189969997173  0.68999582413180116  0.70000401501302967  0.71014148650323961
  0.72084139706949146  0.73174428948101766  0.74262179393541716  0.75330236382638693
  0.76398811527538502  0.77458535550609475  0.78521189507433098  0.79585549029865521
  0.80649796200975499  0.81699124002331924  0.82743204125547010  0.83780412394035297
  0.84813810561579195  0.85843108395450640  0.86867733610403575  0.87899984683768961
  0.88961607715921820  0.90013226279040492  0.91086525803796414  0.92096008367632798
  0.93065812707502793  0.94020545227898022  0.94974559283964699  0.95947088327161645
  0.96923605978427285  0.97867128609841603  0.98940749075397183  1.00000000000000000
  0.00278261546809504  0.01497341838427725  0.02697234030610379  0.03816666164002896
  0.04874086864555020  0.05890883003957857  0.06903317647662874  0.07899148010851298
  0.08927704758071076  0.10005833743261333  0.11088325767544399  0.12158053247704623
  0.13243229330686940  0.14341737174186589  0.15397806863562224  0.16416260949030059
  0.17443386925717327  0.18489765834981545  0.19532012041885505  0.20577006464448336
  0.21615416790053035  0.22639364744610765  0.23641930944232251  0.24648334417865816
  0.25657843739785635  0.26679329926199941  0.27706431943179161  0.28750946291992679
  0.29834834473604077  0.30960675643961499  0.32083944838504053  0.33192877634557461
  0.34299040806363512  0.35401524190717049  0.36498534839704305  0.37600960537020334
  0.38673618260462805  0.39721996013192157  0.40719466460503007  0.41726925663990816
  0.42737769020550859  0.43752160758270786  0.44795275737412676  0.45846991950821347
  0.46951584624870452  0.48042054309639448  0.49129255819128764  0.50198409536308652
  0.51243269990408546  0.52275618394634882  0.53298592059692573  0.54332154698519353
  0.55384394685562921  0.56436048469012656  0.57479445817425057  0.58530799918506526
  0.59609202662853078  0.60697855685806978  0.61768935584177964  0.62843984987952106
  0.63875716422074702  0.64908532594096802  0.65929329183219598  0.66985055470789256
  0.68028447415565507  0.69053904152746404  0.70121538933548100  0.71173253901448785
  0.72231595185784570  0.73246971355262969  0.74264642839820727  0.75283821250272775
  0.76286572492755411  0.77293051081067821  0.78292582468319616  0.79301553296685345
  0.80295473745042023  0.81292253295856687  0.82281560300916590  0.83267792905573446
  0.84265333411091026  0.85315146208003811  0.86392874774498396  0.87462121943765592
  0.88492427427729881  0.89514500201633074  0.90535606559165616  0.91549531624155789
  0.92552991409369356  0.93549196780866162  0.94569265645999312  0.95605630957145060
  0.96671571974625181  0.97758013434594182  0.98878170696696777  1.00000000000000000
 -0.01590460599756402  0.11037085920028161  0.15191439052965688  0.17958806915536471
  0.20224284163567507  0.22211958422409453  0.24009851944989921  0.25672657996186199
  0.27213218967332020  0.28659892696233347  0.30048796788174065  0.31386340535335577
  0.32696198351151828  0.33980741464703207  0.35221914572300317  0.36431209045133450
  0.37626812692993084  0.38806962088702146  0.39948810250487116  0.41060936070981879
  0.42153767004385101  0.43227982209865984  0.44287277167472017  0.45333720807746908
  0.46365173469431004  0.47383278267555740  0.48391261872713526  0.49395751305761304
  0.50390006042403601  0.51372182305342362  0.52340284655413249  0.53270660633680034
  0.54209969008115622  0.55129330985259850  0.56056947707789595  0.56932741177017798
  0.57795539534832296  0.58630253641170649  0.59449020281406961  0.60251427234622745
  0.61027323167508873  0.61792904603511944  0.62551207368036998  0.63305822271117806
  0.64041828019583846  0.64767700531940764  0.65504789031916255  0.66225993216598278
  0.66954662947385968  0.67671168330772513  0.68375424097670412  0.69055895669381051
  0.69711995166729945  0.70352671655529253  0.70978563891511770  0.71583029035684598
  0.72168797965052656  0.72753265091780961  0.73324920426524198  0.73913114652803069
  0.74509397514121067  0.75096268902703434  0.75665793212251775  0.76224482433101615
  0.76773951357922265  0.77308620251011895  0.77829971116648389  0.78348133769764194
  0.78867431479504679  0.79384185884484681  0.79894570819105948  0.80395943619807742
  0.80889017841135702  0.81393564018021225  0.81911256253421294  0.82437124843830223
  0.82962775961177437  0.83482724241790951  0.83999813929439893  0.84521965159230650
  0.85041456593205689  0.85582400174526985  0.86120695039074036  0.86664784773324832
  0.87225298665103412  0.87801367741776448  0.88398311755703851  0.89005879140467603
  0.89640580626769328  0.90338422293797582  0.91077718795185636  0.91900084882271171
  0.92871667612958542  0.94066976188772378  0.95936764082193227  1.00000000000000000
   1.2089880989985912E-009  -1.0000000000000000     
 F F F F T T F F T T F F T T F T F F F F T T F F T T F F T T F T
  <DiscreteSampler_grid>
  grouped_processes
  1 # 1 for a reference and 2 for a running grid.
  10 # Attribute 'min_bin_probing_points' of the grid.
  1 # Attribute 'grid_mode' of the grid. 1=='default',2=='initialization'
  0.0000000000000000 # Attribute 'small_contrib_threshold' of the grid.
  0.5000000000000000 # Attribute 'damping_power' of the grid.
 # binID   n_entries weight   weight_sqr   abs_weight
    10   10   1.888319646210171E+001   6.893832617267370E+002   1.888319646210171E+001
    11   10   1.888319646210171E+001   6.893832617267369E+002   1.888319646210171E+001
  </DiscreteSampler_grid>
