 -0.01022847244852396  0.06669808826824437  0.11073945016823460  0.14448833033500369
  0.17351098938502355  0.19914877102749259  0.22283296055895285  0.24462751532285082
  0.26469654284435479  0.28323197235255343  0.30077803669185488  0.31817189938190088
  0.33520059172539179  0.35138338621614579  0.36668948731255330  0.38126656290734806
  0.39522443312128475  0.40874364973030664  0.42204355272275978  0.43513234389220184
  0.44773989076397008  0.46013761087583316  0.47221834264281359  0.48362350549938093
  0.49452956281063853  0.50547338034276978  0.51643639243610906  0.52732383848586628
  0.53811756972305524  0.54858566134698050  0.55865909341948738  0.56835727617894183
  0.57791790393528286  0.58737819649943435  0.59654931761535113  0.60549662704314400
  0.61444832885706324  0.62345481463407282  0.63263965542800460  0.64154740866725291
  0.65022930223973563  0.65864912066222669  0.66695815793940683  0.67480298590319476
  0.68247241576642026  0.68994436172103157  0.69725053814334181  0.70455560386364757
  0.71175917513043130  0.71884695063603277  0.72589839996782624  0.73300236586374257
  0.74014703710312468  0.74731764255059629  0.75445967088110033  0.76153215171049915
  0.76860277465395788  0.77562604358915610  0.78251745891674074  0.78925319965722807
  0.79599385528745847  0.80259979084905442  0.80923955672387138  0.81589756868888519
  0.82267540868472955  0.82942477614376919  0.83598830836497218  0.84238741381257498
  0.84874384682276405  0.85513087028279344  0.86153846365775810  0.86784787668715269
  0.87427885494719293  0.88036588275486483  0.88641053089690669  0.89238026025113959
  0.89820202031019891  0.90387994883861589  0.90957532813122821  0.91531852466298946
  0.92098924112976255  0.92660473991586767  0.93218227411838095  0.93769857040041082
  0.94310363953639387  0.94849195064725489  0.95376470835551741  0.95913105717482672
  0.96432875059709411  0.96952629860572204  0.97469257518753827  0.97980606003900983
  0.98488912113279425  0.98993457488537162  0.99493348276527116  1.00000000000000000
 -0.00212460959920553  0.01041347993183718  0.02060144767496279  0.03144859140437298
  0.04231324388848043  0.05302593966851885  0.06359794469305474  0.07438653958775454
  0.08502880732035935  0.09558568526831406  0.10597117668303932  0.11659393420400571
  0.12696146899826344  0.13715319290456815  0.14728232418645706  0.15759535089560331
  0.16793831299904863  0.17803069348076359  0.18789865965917346  0.19756409899211955
  0.20718966548321355  0.21664244260603474  0.22608376979128914  0.23604547004159104
  0.24607761771909373  0.25606631082134007  0.26602337152001043  0.27649280414947713
  0.28733427864538119  0.29815793061951296  0.30890394655664477  0.31952003598209078
  0.33017365861320280  0.34040107775361772  0.35026830759921362  0.36001711084729732
  0.36991268535974209  0.38022937742911944  0.39085321926448274  0.40164864169782505
  0.41245751237793921  0.42332217640213082  0.43461393477854970  0.44554313963580622
  0.45614368100348218  0.46672586539705024  0.47757311887122572  0.48850689214771653
  0.49942441594123016  0.51030508403657604  0.52137296746877881  0.53217722728197447
  0.54292975795793674  0.55319349714767652  0.56364831125340609  0.57387815566598799
  0.58438912810485566  0.59516490335808681  0.60599513708153652  0.61653101189542869
  0.62680206708012276  0.63715191037302210  0.64756320847964055  0.65792635516850628
  0.66826819683817373  0.67829682836544292  0.68844793140035310  0.69844977213665382
  0.70864607920648692  0.71886752378483221  0.72960235214242430  0.74077665717245345
  0.75159770126336367  0.76223994151447738  0.77254444193595484  0.78332188414971526
  0.79416370601216002  0.80543262407377647  0.81660207204505397  0.82788039818514025
  0.83849248884037841  0.84911234063150920  0.85935739343342232  0.86964194298257236
  0.87997051312486507  0.89052408318483911  0.90104970050785083  0.91164570627467234
  0.92216932012539976  0.93308549796582785  0.94398931545457354  0.95499916355413272
  0.96591621743649569  0.97693430994339514  0.98837988339054694  1.00000000000000000
  0.00329182617844653  0.01637030743997814  0.02986548472852921  0.04214328812797034
  0.05362183556015847  0.06467546845575664  0.07574474891930967  0.08681025208505612
  0.09763389049138270  0.10836417602055816  0.11925524518510167  0.13017470452594668
  0.14094266225447732  0.15149083240940314  0.16212633466495993  0.17299075932556970
  0.18377072972878711  0.19404420569596920  0.20393870079143822  0.21392382890301218
  0.22383813215107518  0.23378156010220091  0.24367006295819132  0.25385853835426658
  0.26433546574836814  0.27501610419206701  0.28594749739924180  0.29639115879599820
  0.30646631915670447  0.31686044738327745  0.32770169344469230  0.33872706588018364
  0.34968790339716027  0.36082059742767181  0.37198128295806010  0.38274597263478632
  0.39312672034221557  0.40345145812733541  0.41392248010811378  0.42439543596030121
  0.43474161142151974  0.44493760341225502  0.45490766260854892  0.46477395551855238
  0.47477320882039720  0.48519233248083465  0.49570801510746443  0.50593112667501450
  0.51592217503190374  0.52590463733541226  0.53606706998711762  0.54634084040016173
  0.55676747278509242  0.56719299159284964  0.57757651005943578  0.58789304873868831
  0.59827342974682485  0.60878006886867053  0.61930358763839644  0.62976449033076043
  0.64013650919452514  0.65048106425598096  0.66080881128590685  0.67115154141173983
  0.68162131233045764  0.69219344526242066  0.70296223362467136  0.71365578609976210
  0.72415405447522241  0.73452469517288188  0.74493617154640823  0.75550094995960637
  0.76620791009433586  0.77665579583395661  0.78682701000477651  0.79691668022561912
  0.80708910061798089  0.81738978431066944  0.82782527306853704  0.83891424662740788
  0.85050728921978946  0.86175682908781182  0.87260317466507153  0.88349720589304870
  0.89414773026900285  0.90409032122740995  0.91352868220893801  0.92296929057587562
  0.93236124901862227  0.94186546150776240  0.95122401725593642  0.96069940736582182
  0.97071581675403573  0.98044549427665095  0.99023727484240776  1.00000000000000000
 -0.01568675450368386  0.11179814693919250  0.16015462361936694  0.19346580173080904
  0.22144333818870293  0.24545065113951384  0.26667187380197360  0.28640721862842944
  0.30499943017615311  0.32230013990973089  0.33862593120012180  0.35434135387361160
  0.36933815444665447  0.38372755783994955  0.39731197286558034  0.41012589331932553
  0.42244942996767137  0.43441866478499275  0.44597696649881347  0.45695603759308068
  0.46761525959100181  0.47818196098636984  0.48902127833903558  0.49978310262529324
  0.51002648077079371  0.52000313612216920  0.52925425144320470  0.53843248652309239
  0.54732561895644016  0.55591230373629952  0.56437437564443305  0.57279869204044731
  0.58111227851148428  0.58940885210629412  0.59759459116297542  0.60575456301375885
  0.61378582642005453  0.62168204280692485  0.62938701816280807  0.63696827631208763
  0.64445076557192205  0.65177895212150183  0.65883848945630874  0.66570117503489512
  0.67246068623422761  0.67907141009660577  0.68565687790940955  0.69204119711255352
  0.69831569022291129  0.70453603649079366  0.71063940997342490  0.71665762028481206
  0.72262634399353698  0.72850760944489568  0.73424387832171278  0.73982173027330667
  0.74525515209689708  0.75061351003408583  0.75573086874462425  0.76082280319340567
  0.76588541427238688  0.77083804532944689  0.77565771493775060  0.78040655626015443
  0.78515951377635551  0.78990715344086693  0.79468937772512227  0.79940803612648548
  0.80407055831285545  0.80866557959899554  0.81313271797825093  0.81758605125630823
  0.82207600735331521  0.82657416762694558  0.83109932508187145  0.83561760594749046
  0.84031550923216547  0.84496022645652069  0.84965295191828794  0.85437784505270631
  0.85911804315946816  0.86391107084915131  0.86881541815576080  0.87383814927319892
  0.87905385430525351  0.88442230026763835  0.88987833810539885  0.89555414494192154
  0.90168409542421479  0.90808381154431117  0.91473980058177451  0.92252286991851928
  0.93150199804876399  0.94360109621837140  0.96257095764122202  1.00000000000000000
   3.0604956539363039E-047  -1.0000000000000000     
 F F F F T T F F T T F F T T F T F F F F T T F F T T F F T T T T
  <DiscreteSampler_grid>
  grouped_processes
  1 # 1 for a reference and 2 for a running grid.
  10 # Attribute 'min_bin_probing_points' of the grid.
  1 # Attribute 'grid_mode' of the grid. 1=='default',2=='initialization'
  0.0000000000000000 # Attribute 'small_contrib_threshold' of the grid.
  0.5000000000000000 # Attribute 'damping_power' of the grid.
 # binID   n_entries weight   weight_sqr   abs_weight
    10   10   2.580556818934476E-037   1.363264586241094E-073   2.580556818934476E-037
    11   10   2.580556818934476E-037   1.363264586241094E-073   2.580556818934476E-037
  </DiscreteSampler_grid>
