 -0.00974119684096393  0.06644781513816100  0.11028735955833020  0.14312347963859273
  0.17170929701179927  0.19714795113516151  0.22093655277612054  0.24344255322188782
  0.26439681811740312  0.28339888352772274  0.30106893847157667  0.31820566012357454
  0.33448961818414397  0.34992001855034782  0.36445329013997202  0.37845628449183910
  0.39207571870025476  0.40538430196012198  0.41841810271424668  0.43124964485222955
  0.44364130369475080  0.45557174481833712  0.46720979343711777  0.47858547692907538
  0.48975217187719455  0.50083571246987324  0.51171318025579848  0.52216133648481999
  0.53232702231726647  0.54218664790299276  0.55200471588253686  0.56150443280103557
  0.57076942954844612  0.58000829189975645  0.58923236366684695  0.59847886132075134
  0.60755219469718380  0.61634223768249086  0.62494264287769452  0.63340214253376081
  0.64177460968563826  0.65000327949412784  0.65808564025076222  0.66599341711741744
  0.67376902065323196  0.68152529582684918  0.68917898815047263  0.69685147771378209
  0.70437809029910292  0.71195705487817185  0.71961752915927235  0.72731185652400887
  0.73502401150120322  0.74269480965404278  0.75022856283933514  0.75734772795859062
  0.76419434202985892  0.77100101210676342  0.77782762448902876  0.78470039957279547
  0.79158642790159861  0.79842324813421617  0.80518633629140135  0.81197033564741394
  0.81888700891467525  0.82583758824263354  0.83256235817044466  0.83910742468510002
  0.84556265545165110  0.85197819039413014  0.85834293600488953  0.86466764431565257
  0.87099485722189240  0.87722284164720499  0.88318205767515590  0.88915796452458273
  0.89508927194612442  0.90096207263888362  0.90676684914298700  0.91248849177545244
  0.91821604726911765  0.92395964515115658  0.92973896191616656  0.93549367031204167
  0.94113767807114901  0.94674883265886689  0.95232855037361142  0.95798100158780675
  0.96351127178413110  0.96894916673150489  0.97430404133064963  0.97958650203530218
  0.98480496827438957  0.98994988847420162  0.99500018918447186  1.00000000000000000
 -0.00228571930627160  0.00970273113268685  0.01968374450250973  0.02969130515850824
  0.03958260909468551  0.05008047261104272  0.06088903684863648  0.07233697328857591
  0.08347653436962288  0.09502005878265608  0.10620601927349337  0.11718246822064177
  0.12780947768808482  0.13831072996129787  0.14868457937142368  0.15893982386513589
  0.16896701910676998  0.17907302250003868  0.18944536317927718  0.20055561474883815
  0.21176292235002470  0.22316201616082770  0.23408214466858707  0.24499056186490134
  0.25593949678709343  0.26661273129553659  0.27692395318026203  0.28670596344804705
  0.29665919609334324  0.30666815986264329  0.31659781570077578  0.32639215436131597
  0.33633331660738958  0.34670020307122024  0.35709797952186406  0.36799491561889242
  0.37880949252980523  0.38972832381243455  0.40054707754479513  0.41129963919600954
  0.42177409386356290  0.43195089223056221  0.44228255948050860  0.45248739676964933
  0.46246190884797928  0.47210286610077851  0.48185408425428522  0.49166978235822406
  0.50172603478470978  0.51206164555614087  0.52231642759409991  0.53294852576626939
  0.54324702287390247  0.55402636185426535  0.56480711178505971  0.57616824138726352
  0.58731766102187166  0.59766387571201840  0.60813609830324422  0.61895703139155056
  0.63004994731795472  0.64144346230916782  0.65228157756723437  0.66304678995522504
  0.67325532091297846  0.68397743005301326  0.69523236214532980  0.70662778158243489
  0.71775860775165079  0.72848854589111833  0.73918721343006599  0.74973213853878706
  0.75998271643298176  0.77025802623951933  0.78059117064452188  0.79077851929680809
  0.80137831161520290  0.81212338627141412  0.82268236422368690  0.83316153705804341
  0.84329816003183944  0.85354716064340230  0.86348688361870263  0.87327129073666399
  0.88340219241685658  0.89335496456093177  0.90392071640961436  0.91454647951979062
  0.92542427890829115  0.93632365557876962  0.94699412796184479  0.95776309727672748
  0.96824552415163367  0.97887714657307356  0.98940971274911582  1.00000000000000000
  0.00304922277134387  0.01734833671916209  0.03098572645149408  0.04282888811572585
  0.05415939109185047  0.06532037899252169  0.07641478373257521  0.08719873446694701
  0.09770285978050994  0.10814173023061148  0.11869301149473037  0.12927310943954187
  0.13976135564279724  0.15043182650154896  0.16124515915215917  0.17205097960516666
  0.18270385829454588  0.19323048858382164  0.20327433958580124  0.21313025453565293
  0.22307357631046798  0.23331622287002254  0.24362734546790504  0.25410690588499729
  0.26462894245517998  0.27497443884143813  0.28499187176942703  0.29513748427478348
  0.30541993072105411  0.31569793645972688  0.32574963725614547  0.33575940191831311
  0.34586420192538397  0.35610334034644664  0.36645300662997338  0.37681370896691835
  0.38714038347423846  0.39736753557650872  0.40754175934004855  0.41793640214849453
  0.42862133254319451  0.43943854972650942  0.45016149841132314  0.46068921663655099
  0.47105736381856528  0.48127623471164288  0.49144869234711835  0.50156030055609924
  0.51170493345501800  0.52190088788180966  0.53205376866886622  0.54212318666043402
  0.55215745083514012  0.56216685542861600  0.57195629027573247  0.58159598956143488
  0.59141718042359170  0.60153950314821214  0.61180505073491054  0.62211766805639723
  0.63252949376528778  0.64320592801679699  0.65425553985837470  0.66542754221598377
  0.67619341875642447  0.68669540717100674  0.69753019992612475  0.70869645990043939
  0.71996849518024619  0.73118836775855045  0.74230042105165850  0.75342645066431357
  0.76428728742637220  0.77494238653366143  0.78529621118943516  0.79549559161007788
  0.80546683629550853  0.81531213152188486  0.82495543017198225  0.83474038547284868
  0.84480236099558526  0.85511699016362563  0.86558162656791671  0.87591622619873644
  0.88622965699515721  0.89677973147618495  0.90742668913081881  0.91755272569296165
  0.92747327131349111  0.93749931547416743  0.94795495699483767  0.95837934598414010
  0.96873105256774217  0.97891172520316938  0.98951894949732566  1.00000000000000000
 -0.01288282277718343  0.08254689666986616  0.11721682482543745  0.13902825137062311
  0.15703867490833073  0.17305080873195999  0.18767652458206455  0.20080553120367059
  0.21279530146120784  0.22394030811122570  0.23428035292180485  0.24384810523506842
  0.25302211007988723  0.26208514521538145  0.27101712985940429  0.27955152438288178
  0.28786586635129874  0.29585868293820333  0.30360139472416814  0.31111072537910223
  0.31841811608923609  0.32554032939413735  0.33261370577228394  0.33965113658542162
  0.34663024009280735  0.35351662910992215  0.36021567367550184  0.36678124566196851
  0.37325555698605278  0.37946292264113013  0.38565932606455638  0.39189927933643570
  0.39808658957858001  0.40421188883533626  0.41023183572062738  0.41620487780562981
  0.42217188402466355  0.42810239568799757  0.43398094703752937  0.43979075744491214
  0.44558335251829695  0.45137771754043965  0.45721895832645409  0.46308051182653553
  0.46889480639265235  0.47471131235783315  0.48056617916041988  0.48637234234316923
  0.49223752884433503  0.49807676890176400  0.50406747263598717  0.51006413335118816
  0.51605266138137296  0.52195689226853725  0.52791193134009140  0.53388234445138150
  0.53986644226529656  0.54588976775985543  0.55185694901480864  0.55780158360787369
  0.56376651450144211  0.56978912556366867  0.57584969295139854  0.58202925548014961
  0.58814056538188775  0.59436345638634847  0.60059325593088275  0.60685009763049091
  0.61318424287970930  0.61952739379595412  0.62605406937766239  0.63291812117133006
  0.64007086073295660  0.64754716007099888  0.65525215773608481  0.66287885441833216
  0.67043880507035203  0.67807650118533846  0.68597789752436111  0.69410395010621306
  0.70245754266852445  0.71108079209892450  0.72015248789538511  0.72968571001117122
  0.73980025228078450  0.75033899880797261  0.76131624225242944  0.77286440096373166
  0.78521722398626925  0.79837837406453571  0.81263612317213030  0.82838958220556291
  0.84685267311289503  0.86938658058345608  0.90406945268265826  1.00000000000000000
   1.2986877121296743E-010  -1.0000000000000000     
 T F F F T T F F T T F F T T F F T F F F T T F F T T F F T T F T
  <DiscreteSampler_grid>
  grouped_processes
  1 # 1 for a reference and 2 for a running grid.
  10 # Attribute 'min_bin_probing_points' of the grid.
  1 # Attribute 'grid_mode' of the grid. 1=='default',2=='initialization'
  0.0000000000000000 # Attribute 'small_contrib_threshold' of the grid.
  0.5000000000000000 # Attribute 'damping_power' of the grid.
 # binID   n_entries weight   weight_sqr   abs_weight
    10   10   1.051095396804823E+001   2.819424346664413E+002   1.051095396804823E+001
    11   10   1.051095396804823E+001   2.819424346664410E+002   1.051095396804823E+001
  </DiscreteSampler_grid>
