 -0.01228803336684107  0.08440507161066450  0.13445552229164826  0.17242464936366544
  0.20459271598356357  0.23309533359450876  0.25768878687258528  0.28026586797130987
  0.30148661511709601  0.32137340960153121  0.33984580684586624  0.35738061841842900
  0.37391064060697249  0.38978713125557229  0.40489872686241413  0.41906346500656638
  0.43258385255048859  0.44565037389516698  0.45833170982078192  0.47045579953273126
  0.48256465773114438  0.49467759778389769  0.50655213439751179  0.51800021287891440
  0.52892326173389759  0.53937980710874200  0.54934990440580078  0.55913494564982980
  0.56883945095636101  0.57838705398311574  0.58773882094171148  0.59698060459711966
  0.60600406020050313  0.61479256649194491  0.62341982561684006  0.63205427966554018
  0.64064173417942905  0.64915748979896881  0.65759763050168685  0.66589675482529831
  0.67393707665121672  0.68193570333258580  0.68986129565227083  0.69750509050407750
  0.70520303098570170  0.71268363989759664  0.71998001258056010  0.72728117254415436
  0.73430476393146504  0.74127359819849981  0.74808094488568888  0.75473667165754588
  0.76135455909013339  0.76799074229722075  0.77466901084993922  0.78120807249076152
  0.78769230715802341  0.79402897875592360  0.80035160718383735  0.80674737364928462
  0.81303712158080643  0.81923709296776825  0.82528451923388357  0.83123370830661891
  0.83709034699087026  0.84287583815291178  0.84863415809653475  0.85442683676905984
  0.86021568562255379  0.86598242182228402  0.87171561386466434  0.87741923988644788
  0.88307467494188097  0.88864658496095006  0.89413692635155639  0.89961472665891740
  0.90505777703054036  0.91057454264463711  0.91594831409905653  0.92113445284547035
  0.92625548545235226  0.93136698530490625  0.93648946527366117  0.94162605348049122
  0.94674865610078729  0.95179468935155598  0.95673825474082852  0.96160327923536559
  0.96635780377306824  0.97112645980306966  0.97594750278675124  0.98078890018972897
  0.98564114048057760  0.99048397720820958  0.99526166196489241  1.00000000000000000
 -0.00267597755780426  0.01009244533483268  0.02077463896959162  0.03119579500047749
  0.04158373995068488  0.05181233452683287  0.06208665629728964  0.07229621906052916
  0.08220342344209715  0.09248094312767589  0.10275885140553835  0.11321327281447525
  0.12351075864898491  0.13391408494804788  0.14433097777444714  0.15478112573270331
  0.16517143540658885  0.17589058535168658  0.18690643976645596  0.19776273009367543
  0.20859972884377562  0.21945473222322356  0.23031713347792054  0.24092256154276515
  0.25166051150081187  0.26239176085644533  0.27314272892706909  0.28360091737726317
  0.29380583449240294  0.30400774951768877  0.31447360698829702  0.32498365991836042
  0.33538734925126240  0.34598700656311238  0.35670361011134311  0.36747719573713727
  0.37790412058316725  0.38810142298599054  0.39865841002449087  0.40940093393513671
  0.42018499635245299  0.43076323623103630  0.44149705716992360  0.45263344520584781
  0.46359307439904152  0.47459858703965263  0.48579747283671793  0.49722782197574383
  0.50832769112578458  0.51943425673572419  0.53031783499663687  0.54091736371039811
  0.55106612314926640  0.56119771048959821  0.57174385222834745  0.58254153260024522
  0.59362641367633806  0.60492677042484622  0.61637907586558516  0.62744053004912781
  0.63791180918639012  0.64834311042330151  0.65875902668010533  0.66904197162556189
  0.67911838293061166  0.68900542868003023  0.69899203257778642  0.70911966665061521
  0.71973976020635533  0.73051772961522332  0.74128668575840173  0.75204803077399229
  0.76302710966301057  0.77386154249626737  0.78465487690061209  0.79526557213815963
  0.80595120763582107  0.81655843503695624  0.82704425388333536  0.83745710299271636
  0.84772224025585019  0.85803667028112340  0.86826633277087950  0.87874423728755136
  0.88962654108606132  0.90046783026488586  0.91149477209472296  0.92156547088688490
  0.93111854875321076  0.94061045031951762  0.95009650613897556  0.95981198374070287
  0.96938475850889227  0.97872501316504212  0.98942421005579473  1.00000000000000000
  0.00321755192429368  0.01352294372127914  0.02459056086978390  0.03519069016563944
  0.04550237369806201  0.05522155943087825  0.06522289865332660  0.07501275448107257
  0.08515697005649850  0.09573283749496102  0.10632982627641462  0.11670277606897260
  0.12719115263986491  0.13801965879136091  0.14870238801171853  0.15888774151646134
  0.16900924073170731  0.17935581497387504  0.18963062770967012  0.19975544030203485
  0.20988403284847551  0.22008571886432049  0.23026332553946055  0.24040993047796919
  0.25054208742977918  0.26073365978823282  0.27097430193780037  0.28133352845483739
  0.29182775963329333  0.30280687657070887  0.31377923332417568  0.32465296335159249
  0.33550527592447493  0.34643702964739365  0.35723496129449128  0.36794039520576582
  0.37834816547817252  0.38854733841634659  0.39868573401522983  0.40858323861619444
  0.41897914518707585  0.42920888086159797  0.43943963049868490  0.44976528370739777
  0.46046751885928405  0.47151461262419420  0.48247288468583721  0.49332799060728916
  0.50386573188625983  0.51405610590914719  0.52423808838198704  0.53418629928898964
  0.54425594736440730  0.55468353068110621  0.56527924984859368  0.57584268170064945
  0.58664844906422819  0.59770303845965911  0.60857122107190686  0.61952210630764293
  0.63014298031798688  0.64068403480984581  0.65102447357018312  0.66164954447331659
  0.67234716983587883  0.68290948929233275  0.69362314136024339  0.70434891944436595
  0.71505682594502906  0.72551155052676075  0.73587020802681558  0.74619687749368391
  0.75636007103337799  0.76662195229388130  0.77685506498257995  0.78714351883238198
  0.79717226476306247  0.80711996352963844  0.81703847227491733  0.82711264995039024
  0.83745063479324500  0.84819824779075925  0.85921835450701367  0.86993695833940854
  0.88053012363283023  0.89094835663234540  0.90152185122745532  0.91199842859082414
  0.92234603251522451  0.93247213879069002  0.94281772342587544  0.95352561263770208
  0.96478814930913770  0.97630623513420856  0.98817973904311551  1.00000000000000000
 -0.01713826450760991  0.11057604675203746  0.15172245932138148  0.17948214211784161
  0.20222506097784304  0.22226893296774025  0.24061653337768218  0.25754787359437253
  0.27303498182809244  0.28736383635425722  0.30103432043232542  0.31435327690526171
  0.32754353946929921  0.34047049462000822  0.35288877350822745  0.36507798403906344
  0.37729030800128555  0.38933407125462227  0.40094321246964920  0.41221992095225218
  0.42327175165768038  0.43411395243850603  0.44467834616355495  0.45507612138930204
  0.46526059380006768  0.47533302632701002  0.48537134530066101  0.49529983871487782
  0.50523332923276876  0.51506022556255238  0.52476891797365266  0.53409531642498365
  0.54337370091736870  0.55249812321458336  0.56162221104960686  0.57032064889979639
  0.57889752042764608  0.58720132658671897  0.59535257594869539  0.60332753854194232
  0.61100734109608823  0.61857310074098448  0.62605902803375268  0.63355507832862989
  0.64086318495856109  0.64807178652411346  0.65531063524992139  0.66248381599821105
  0.66963701123595099  0.67672413240421059  0.68368114746817188  0.69047036235962400
  0.69708490722954541  0.70353288701351424  0.70978167670734871  0.71577794745172252
  0.72158497182891046  0.72735994331674370  0.73306535457402067  0.73893119602146617
  0.74488927018495166  0.75074552237346959  0.75638938881585027  0.76189706381863409
  0.76731994360064948  0.77259382945085497  0.77775414852416491  0.78292094301617376
  0.78809535459122038  0.79324890407106741  0.79837304785469598  0.80341442736072044
  0.80838848073999736  0.81349053089332568  0.81868695685199744  0.82395675788236034
  0.82921668248047387  0.83441872516696047  0.83959020765717474  0.84478502189611815
  0.84999528989910189  0.85539092001944006  0.86078247924600848  0.86619612388627876
  0.87170829427707641  0.87734286252759508  0.88320251537481353  0.88922905914766437
  0.89557760425888366  0.90255434741979756  0.90997341493999651  0.91825649354343786
  0.92800374397777130  0.94008781092632310  0.95856155261292875  1.00000000000000000
   1.5188138726416082E-009  -1.0000000000000000     
 F F F F T T F F T T F F T T F T F F F F T T F F T T F F T T F F
  <DiscreteSampler_grid>
  grouped_processes
  1 # 1 for a reference and 2 for a running grid.
  10 # Attribute 'min_bin_probing_points' of the grid.
  1 # Attribute 'grid_mode' of the grid. 1=='default',2=='initialization'
  0.0000000000000000 # Attribute 'small_contrib_threshold' of the grid.
  0.5000000000000000 # Attribute 'damping_power' of the grid.
 # binID   n_entries weight   weight_sqr   abs_weight
    10   10   2.096539632879963E+001   8.684203869435781E+002   2.096539632879963E+001
    11   10   2.096539632879963E+001   8.684203869435780E+002   2.096539632879963E+001
  </DiscreteSampler_grid>
