 -0.01069124914637809  0.07373744038372987  0.12062968029734936  0.15629900558894519
  0.18691331770976005  0.21407867468806541  0.23789932201343827  0.25934114154621668
  0.27903428176227962  0.29750850572638776  0.31550137358807584  0.33315878866153209
  0.35008112430763660  0.36577938936388144  0.38079831253170021  0.39531654659025589
  0.40964354188820479  0.42386464281719149  0.43752295406880398  0.45061181010654372
  0.46319688635811285  0.47560295140695613  0.48753947737860764  0.49886217139539235
  0.50996520840126536  0.52109841479381025  0.53212913489201163  0.54298027857492248
  0.55348738092216876  0.56371672661787631  0.57342503319123805  0.58290294203138826
  0.59216918875931202  0.60146181267550758  0.61056888084718486  0.61947225459694488
  0.62820680370526494  0.63680644522546359  0.64529436755249459  0.65347067352140542
  0.66140492854207888  0.66917556436144254  0.67674522270175763  0.68429224515331222
  0.69174734385052683  0.69911763060238008  0.70644949356450570  0.71363377241102477
  0.72078118261904778  0.72787635263593964  0.73495907255133452  0.74198751567658572
  0.74900895271321466  0.75603704408592010  0.76306112441040741  0.77005446260830512
  0.77699035393113280  0.78383350772975924  0.79048587413955118  0.79691382593130844
  0.80322965076052633  0.80942894885915195  0.81572227217735382  0.82209011689603462
  0.82844843908724564  0.83474944404679685  0.84094977819757488  0.84712195324676565
  0.85332900698741743  0.85960349123106816  0.86595492772944394  0.87229009156348047
  0.87843801647424169  0.88445380050257816  0.89040511040840609  0.89626048726086704
  0.90185419644439202  0.90739868991128170  0.91296119188061320  0.91849053323265195
  0.92398690158225283  0.92947611642707340  0.93490558856951489  0.94024659793968268
  0.94536726386753800  0.95041831156215562  0.95545217989134901  0.96053136739109946
  0.96564090930333424  0.97077292289826622  0.97587759921377126  0.98087637764119717
  0.98573574505003225  0.99050007336955370  0.99525062934657416  1.00000000000000000
 -0.00237469935415442  0.00993264354513472  0.02068982026782520  0.03165604849650734
  0.04267622643087029  0.05353229539164806  0.06432064131183202  0.07504219882575905
  0.08543307323310079  0.09560066469900237  0.10561894967504269  0.11595678094696386
  0.12615545191037356  0.13633281513604725  0.14669524179282206  0.15697476783111566
  0.16696605895131500  0.17671729766401864  0.18636961408186506  0.19649686194260840
  0.20684811246773199  0.21727572082284830  0.22783573043347982  0.23853141170132089
  0.24906330203199920  0.25904678519756147  0.26920962140254900  0.27953528046865822
  0.29019359031680042  0.30031288337326351  0.31022622925703391  0.32042402905972212
  0.33097241825311474  0.34174259147281977  0.35242608784030477  0.36257045807038280
  0.37245501923798757  0.38258410449675506  0.39310970884855634  0.40390857569838495
  0.41445507292720674  0.42507079270265147  0.43579810464397711  0.44656128514067944
  0.45735131710665733  0.46843972951686241  0.47975121333036724  0.49081327332362257
  0.50190448432999335  0.51260976056820451  0.52321408069340314  0.53350384790800709
  0.54358451260452623  0.55350537411524747  0.56358986749897688  0.57381775701857296
  0.58439194690189677  0.59501309545258219  0.60556024364377470  0.61598345177463631
  0.62623152662141679  0.63686016083470853  0.64765677065602045  0.65871232920326717
  0.66971702888825324  0.68071798302717712  0.69150950592010996  0.70215876037202363
  0.71305286583153038  0.72371794910376430  0.73443777037047897  0.74504606198355139
  0.75548807167650711  0.76607116181987978  0.77627182956308349  0.78647178047734789
  0.79650640784185145  0.80684178642873139  0.81725884824177586  0.82769191660833774
  0.83811730607045765  0.84897816625739675  0.85955664899375051  0.87011845568018409
  0.88090713004818610  0.89161795232437502  0.90198965422216248  0.91224605456055508
  0.92285978353026665  0.93381613299484578  0.94455979663316902  0.95504127974419240
  0.96596978271426293  0.97704282428623301  0.98857287363545177  1.00000000000000000
  0.00338780495706637  0.01310935341983879  0.02377792813424191  0.03444585643296350
  0.04483226673495195  0.05521619084191629  0.06549254982141141  0.07572493541475443
  0.08587148780771305  0.09600677929590579  0.10628913170425205  0.11656704282801728
  0.12689262318117747  0.13722048724515623  0.14769058299491103  0.15837351436703609
  0.16933112883765625  0.18054084372634177  0.19162275974790266  0.20249722946422422
  0.21309362673279181  0.22339271011298750  0.23358093004732922  0.24375101202017171
  0.25412283935225433  0.26486690408031188  0.27590913795984451  0.28714827847832042
  0.29780134856369744  0.30785720003145967  0.31823128460503225  0.32870411141572675
  0.33950569604157937  0.35049371261316559  0.36168325430509918  0.37293719427224814
  0.38348906460119786  0.39375626450666290  0.40389833387754814  0.41403361405802924
  0.42396175873943620  0.43396480318931330  0.44407816955343027  0.45387013870405984
  0.46368776330515132  0.47360122688999673  0.48376784905161813  0.49373885305621701
  0.50363152842186332  0.51366063756957403  0.52378696731917129  0.53378912273000489
  0.54355891100036791  0.55310629128040800  0.56269372988608923  0.57253374715811056
  0.58262151017297170  0.59302360547215671  0.60382843973514477  0.61497043125299566
  0.62658544772532476  0.63769313662792515  0.64868998275079792  0.65916384619072033
  0.66935312891751086  0.67948062569597578  0.68956923560014394  0.70002104877994997
  0.71064446945175463  0.72143930004855894  0.73217873844944303  0.74289502104408500
  0.75362580236919419  0.76497878225493687  0.77605433744636276  0.78696232234494734
  0.79798277195121103  0.80883195986891099  0.81929770937554092  0.82975670575980398
  0.84064086956800221  0.85220867508020670  0.86315478669046708  0.87424183547526568
  0.88494125960160452  0.89598957545376090  0.90627906039791561  0.91641160731224802
  0.92634882020502729  0.93640475864003314  0.94648934410618590  0.95663983757212812
  0.96726051953402914  0.97776713378293101  0.98868790144205076  1.00000000000000000
 -0.01566789958551401  0.11188698711385157  0.15924641835197903  0.19178077119220976
  0.21914413115634404  0.24285044297713265  0.26454070178475320  0.28444550772405547
  0.30275785675053229  0.31986654020807342  0.33580695260702453  0.35137234778384213
  0.36619230059640728  0.38039305887378871  0.39355600680074526  0.40607349907047452
  0.41812867000258530  0.42982344026509539  0.44125303174451880  0.45230416232726411
  0.46331637482716082  0.47433078135555057  0.48555947374509029  0.49668012468129336
  0.50713285914373385  0.51737017154526643  0.52726310719671066  0.53702979748822410
  0.54638652914210539  0.55530579306196171  0.56411652167474879  0.57283187702245797
  0.58171162168346924  0.59040608046305976  0.59888557804063869  0.60714205106169217
  0.61515969420757366  0.62303888926752515  0.63049951114682690  0.63788651209047098
  0.64510240739160574  0.65208245198108949  0.65888137024238325  0.66563046448772056
  0.67234108489329303  0.67900223134181259  0.68561668278015597  0.69211716962310832
  0.69848492287036690  0.70475231733461241  0.71092490311336032  0.71695318130608021
  0.72281146406405827  0.72852198642823385  0.73403743104156194  0.73944188445625791
  0.74482213693092469  0.75018197559494526  0.75534978082995785  0.76051166942551129
  0.76566994338186101  0.77068959622203015  0.77557128220306204  0.78042914800941532
  0.78525346515605221  0.79000340888237275  0.79484314489410590  0.79955850979737975
  0.80425949904827454  0.80892625699215015  0.81354312764650882  0.81807888181780386
  0.82257743784528004  0.82708657210509684  0.83155932177351910  0.83613118296098432
  0.84075223277229016  0.84534818789947430  0.84992963597393145  0.85456765461584239
  0.85925601916616057  0.86399912672788448  0.86883007697037395  0.87378245251767250
  0.87894033004031991  0.88431093973136998  0.88959305554381296  0.89512692825056595
  0.90109648825748323  0.90753505753067754  0.91436429845541456  0.92238703283157386
  0.93153298957168540  0.94315524722300481  0.96133846195016615  1.00000000000000000
   4.3898981973214747E-047  -1.0000000000000000     
 F F F F T T F F T T F F T T F T F F F F T T F F T T F F T T F T
  <DiscreteSampler_grid>
  grouped_processes
  1 # 1 for a reference and 2 for a running grid.
  10 # Attribute 'min_bin_probing_points' of the grid.
  1 # Attribute 'grid_mode' of the grid. 1=='default',2=='initialization'
  0.0000000000000000 # Attribute 'small_contrib_threshold' of the grid.
  0.5000000000000000 # Attribute 'damping_power' of the grid.
 # binID   n_entries weight   weight_sqr   abs_weight
    10   10   2.894752930596650E-037   1.806656194693223E-073   2.894752930596650E-037
    11   10   2.894752930596650E-037   1.806656194693222E-073   2.894752930596650E-037
  </DiscreteSampler_grid>
